# Number of parameters = 165 Objective function value = 186.539311667285  Maximum gradient component = 4.21111442538849
# q_surv[1]:
1.00000000000
# fishsel_params_f[1]:
2.35368953363
# fishsel_params_f[2]:
5.22631512710
# fishsel_params_m[1]:
0.910116625595
# fishsel_params_m[2]:
7.27681157813
# srv_params_f[1]:
1.62395703725
# srv_params_f[2]:
2.93209550667
# srv_params_m[1]:
1.72792158851
# srv_params_m[2]:
3.03291084436
# srv1desc_params_f[1]:
2.35961048431
# srv1desc_params_f[2]:
4.79742424577
# srv1desc_params_m[1]:
2.35121595344
# srv1desc_params_m[2]:
7.32822600070
# alpha:
1.00000000000
# beta:
0.00000000000
# mean_log_rec:
19.6981773240
# rec_dev:
 -0.281190770007 -0.0722921130096 -0.0901550713434 -0.104652968459 -0.119671729110 -0.145547560152 -0.177013800070 -0.200796177544 -0.233530226297 -0.262190046179 -0.295260119767 -0.264915046699 -0.229268662568 -0.183281962073 -0.173548406985 -0.205456948323 -0.221578536348 -0.257481323225 -0.288101176848 -0.261879934325 -0.172080133822 -0.0436507832951 0.0488065767914 -0.0440286349998 -0.215742298228 -0.259211941034 -0.158358365831 0.0932107109072 0.426378411694 0.402498466294 0.397961172708 0.462744353743 0.412239416874 0.256808477124 0.320755482675 0.272654174951 0.0415260703313 0.0340540102939 0.0986427326095 0.0705719782379 0.277364291939 0.526958993575 0.605953752579 0.837815230471 0.411865626550 0.305260884679 0.216408322746 0.259878519873 0.277253261413 0.209116839806 -0.100249888136 -0.147352946691 -0.434947512088 -0.458524707649 -0.207778412671 -0.0390766017250 -0.0240228575572 -0.220346135884 -0.328252330249 -0.188651786732 -0.0822485774353 0.224715885010 -0.232972015634 -0.0658556601753 -0.000279474707799
# log_avg_fmort:
-4.12756858552
# fmort_dev:
 -0.150017320686 -0.257453585565 -0.352967468787 -0.309550370550 -0.356273184717 -0.825141959853 -0.517330121209 -1.13196739166 -1.95788829799 -2.20812676026 -0.820705976548 -0.797965974496 -1.50362274256 -0.440158788304 0.336729180351 0.525623212889 0.340298221936 0.481570360688 0.221799061879 0.404761079203 0.0729026817454 -0.168396328036 0.0511307793570 0.466687425590 0.284539878415 0.350877523576 0.699975855836 0.0234912142354 0.220483053650 0.509494942803 0.396458806638 0.519868233528 0.361422266750 0.358716254138 0.616097135729 0.237815474065 0.314743082344 0.887535359403 0.301726277707 0.391886642755 0.749865017831 0.436545524828 0.735662158091 0.611428050419 -0.112568485162
# log_selcoffs_fish:
 -4.92146544828 -3.94194414044 -2.99045946374 -2.11995744931 -1.38057195930 -0.780549739196 -0.291931854348 0.101405147941 0.368025296796 0.476501991015 0.469110250908 0.451657024191 0.430422790112 0.408012175107 0.386231204407 0.365814109529 0.347334784932 0.330666281225 0.315945949631
 -4.49108945402 -3.58310168440 -2.69120323489 -1.84774935828 -1.09384022378 -0.468825169716 -0.000802716941940 0.301629710501 0.453089375827 0.492739231893 0.482020554871 0.455851815422 0.422748221387 0.386628913556 0.350143723567 0.315481728989 0.284603964827 0.259247254174 0.242377655572
# sexr_param_fish:
1.00000000000
# F40:
0.191012368451
# F35:
0.232250075917
# F30:
0.264905093764
