# Number of parameters = 317 Objective function value = 320.237  Maximum gradient component = 6.33698e-007
# M:
 1.39000 0.690000 0.480000 0.370000 0.340000 0.300000 0.300000 0.290000 0.280000 0.290000
# mean_log_initN:
0.00000000000
# dev_log_initN:
 0.00000000000 0.00000000000 0.00000000000 0.00000000000 0.00000000000 0.00000000000 0.00000000000 0.00000000000 0.00000000000
# mean_log_recruit:
1.14237068498
# dev_log_recruit:
 -0.915527401666 0.0138626109798 0.149051687180 1.21332468118 -0.358833833748 -0.349572883450 1.01642301752 1.31802615746 1.51936508815 2.09335379669 1.41939224228 0.836073538962 0.835736165690 0.460593818355 0.638235309790 1.54956412966 0.319819977823 -0.560453583499 0.466716421907 1.29723621574 0.992023836574 0.0364775725922 -0.282711754317 -0.631964344799 -0.611105145529 0.765611157664 0.00658548756970 -0.767559259083 -0.804374276015 -0.578316846606 0.748490378221 0.819715916179 -1.13853357722 -1.39473205868 -1.45472749507 -0.511458901792 0.653638385306 0.596204314117 0.807086339718 -0.00818683396673 -0.946979524975 0.520221721310 -1.29727196160 2.47336519998 -0.429871960321 -4.41548802867 -6.26631298193 -0.388991956715 0.546779441052
# log_recr_proj:
 1.14239998003 1.14239998003 1.14239998003 1.14239998004 1.14239998003
# log_slp1_fsh_mean:
0.771142817517
# inf1_fsh_mean:
3.79539137331
# log_slp2_fsh_mean:
0.895652703661
# inf2_fsh_mean:
9.74118767032
# slp1_fsh_dev:
 0.138145888355 0.138145394647 0.138141905427 0.138130186916 0.138057830850 0.137849415790 0.137923923393 0.137971641640 0.135052388378 0.131460402910 0.0992718105241 0.0659453755919 0.0186955379112 -0.0101659029821 -0.0343856717985 -0.0551348699543 -0.0823064743790 -0.0974292454541 -0.112509704973 -0.111909649724 -0.106041393915 -0.113687700821 -0.123537002074 -0.142469589935 -0.147889413618 -0.146884931270 -0.148972735334 -0.150945905476 -0.151748987798 -0.141911992822 -0.136758653869 -0.151106811246 -0.157894084812 -0.147271940507 -0.132475194076 -0.0938808964163 -0.0661309380715 -0.0418731818458 0.00726810840169 0.0279094263715 0.0514507050157 0.0823923972196 0.117386481343 0.139298679956 0.160782202954 0.162491455109 0.166019304364 0.167766205095 0.167766205011
# inf1_fsh_dev:
 0.0183588439281 0.0183719022990 0.0183377706874 0.0176745328422 0.0157019933284 0.0100427437833 0.00650341180965 0.0202575885182 -0.0116060510987 -0.0367529500060 0.129400202609 0.113493530158 -0.0711688393512 -0.197787348998 -0.202673264671 0.0493835406416 -0.0131501488259 0.0964598772480 0.136612257758 0.265633553261 0.585125886926 0.775558044470 0.755447891627 0.640267831872 0.621541920877 0.616202032174 0.622009415427 0.602073344143 0.487429680185 0.455654340898 0.381913611871 0.0459909941805 -0.251153570399 -0.472077319266 -0.719574516462 -0.660785713137 -0.685117638489 -0.783816101654 -0.673332604385 -0.705146501278 -0.659385587887 -0.510072688934 -0.267148696010 -0.157665976105 -0.00268418881050 -0.0739614787761 -0.141512113350 -0.104436722407 -0.104436723219
# slp2_fsh_dev:
 0.00000000000 0.00000000000 0.00000000000 0.00000000000 0.00000000000 0.00000000000 0.00000000000 0.00000000000 0.00000000000 0.00000000000 0.00000000000 0.00000000000 0.00000000000 0.00000000000 0.00000000000 0.00000000000 0.00000000000 0.00000000000 0.00000000000 0.00000000000 0.00000000000 0.00000000000 0.00000000000 0.00000000000 0.00000000000 0.00000000000 0.00000000000 0.00000000000 0.00000000000 0.00000000000 0.00000000000 0.00000000000 0.00000000000 0.00000000000 0.00000000000 0.00000000000 0.00000000000 0.00000000000 0.00000000000 0.00000000000 0.00000000000 0.00000000000 0.00000000000 0.00000000000 0.00000000000 0.00000000000 0.00000000000 0.00000000000 0.00000000000
# inf2_fsh_dev:
 0.00000000000 0.00000000000 0.00000000000 0.00000000000 0.00000000000 0.00000000000 0.00000000000 0.00000000000 0.00000000000 0.00000000000 0.00000000000 0.00000000000 0.00000000000 0.00000000000 0.00000000000 0.00000000000 0.00000000000 0.00000000000 0.00000000000 0.00000000000 0.00000000000 0.00000000000 0.00000000000 0.00000000000 0.00000000000 0.00000000000 0.00000000000 0.00000000000 0.00000000000 0.00000000000 0.00000000000 0.00000000000 0.00000000000 0.00000000000 0.00000000000 0.00000000000 0.00000000000 0.00000000000 0.00000000000 0.00000000000 0.00000000000 0.00000000000 0.00000000000 0.00000000000 0.00000000000 0.00000000000 0.00000000000 0.00000000000 0.00000000000
# log_slp2_srv1:
0.296894674758
# inf2_srv1:
9.48229975071
# log_slp1_srv2:
-0.480950034523
# inf1_srv2:
4.11372188292
# log_slp2_srv2:
1.00000000000
# inf2_srv2:
20.0000000000
# log_slp1_srv3:
0.354913182705
# inf1_srv3:
4.63086247058
# log_slp1_srv6:
4.90000000000
# inf1_srv6:
0.500000000000
# log_slp2_srv6:
1.00000000000
# inf2_srv6:
20.0000000000
# mean_log_F:
-1.96496591514
# dev_log_F:
 -1.30687083193 -1.23565807601 0.293947581818 0.619710241291 0.902001481873 0.457754547443 0.749694756063 0.935342628965 0.864030569294 0.623609916368 0.357578224232 0.0998656733672 -0.106954340672 0.105520656148 0.410406359824 0.657465958488 -0.429695065775 -0.734973049034 -0.816770597352 -0.559642690104 -0.411443050715 -0.0425043113348 -0.0328665464697 -0.0327930474304 -0.0877067968012 -0.466913207845 -0.605360401881 0.183134204985 0.749945743318 0.577769834103 0.264675325384 0.263167145675 -0.0797136535980 -0.384683791203 -0.280263618518 0.0226111880775 0.00126685187362 -0.311711488741 -0.504639959785 -0.921626299081 -0.563248712330 -0.463804897606 -0.236241703313 -0.242549193275 0.377862157833 0.484687814716 0.158265870127 0.258823827091 0.439496772451
# log_q1_bs:
0.00000000000
# log_q1_mean:
-0.494253318290
# log_q1_dev:
 0.00957234715483 0.00957234715483 0.00957234715483 0.00957234715483 0.00957234715483 0.00957234715483 0.00957234715483 0.00957234715483 0.00957234715483 0.00957234715483 0.00957234715483 0.00957234715484 0.00957234715484 0.00957234715484 0.00957234715484 0.00957234715484 0.00957234715484 0.00957234715484 0.00957234715484 0.00957234715484 0.00957234715484 0.00957234715485 0.00957234715851 -0.000485253645380 0.0147442127185 0.0502456112324 0.0780406634328 0.0910747075975 0.0871057908746 0.0615399179826 0.0359740450917 0.00211334312169 -0.0253303615712 -0.0541118156654 -0.0878416817141 -0.126021435430 -0.174756581152 -0.221303798386 -0.254016420854 -0.248746533045 -0.206087431653 -0.154825891047 -0.103564350445 -0.0127425879675 0.0676338832172 0.131210378128 0.200098058782 0.289567068720 0.340322477110
# log_q2_mean:
-0.165251283560
# log_q2_dev:
 0.00000000000 0.00000000000 0.00000000000 0.00000000000 0.00000000000 0.00000000000 0.00000000000 0.00000000000 0.00000000000 0.00000000000 0.00000000000 0.00000000000 0.00000000000 0.00000000000 0.00000000000 0.00000000000 0.00000000000 0.00000000000 0.00000000000 0.00000000000 0.00000000000 0.00000000000 0.00000000000 0.00000000000 0.00000000000 0.00000000000 0.00000000000 0.00000000000 0.00000000000 0.00000000000 0.00000000000 0.00000000000 0.00000000000 0.00000000000 0.00000000000 0.00000000000 0.00000000000 0.00000000000 0.00000000000 0.00000000000 0.00000000000 0.00000000000 0.00000000000 0.00000000000 0.00000000000 0.00000000000 0.00000000000 0.00000000000 0.00000000000
# log_q3_mean:
-0.398566159559
# log_q3_dev:
 -0.0547657270541 -0.0547657270541 -0.0547657270541 -0.0547657270541 -0.0547657270541 -0.0547657270541 -0.0547657270542 -0.0547657270542 -0.0547657270542 -0.0547657270542 -0.0547657270542 -0.0547657270542 -0.0547657270542 -0.0547657270542 -0.0547657270542 -0.0547657270542 -0.0547657270542 -0.0547657270542 -0.0547657270743 -0.0564347731607 -0.0681994095104 -0.0572535146130 -0.0487105227680 -0.0312385125357 0.000315801786404 0.0349970419105 0.0704453062723 0.113575882523 0.151931118132 0.193739231288 0.234903672575 0.261015115713 0.279873883875 0.278531548298 0.271966918259 0.257531621787 0.241716592215 0.237585021042 0.229540651369 0.204837490743 0.144387888708 0.0734196098055 -0.00710752601189 -0.113638658787 -0.212761569662 -0.315803083947 -0.401240000765 -0.461932164456 -0.465445846035
# log_q4:
-1.09082515064
# q4_pow:
0.00000000000
# log_q5:
-0.870714003249
# q5_pow:
0.00000000000
# log_q6:
-0.188670006662
