# Number of parameters = 384 Objective function value = 1709.30835868168  Maximum gradient component = 0.000783430157235036
# ln_q_srv:
 0.453233537822568
# natmort_f:
0.196616220256
# natmort_m:
0.237217216642
# Linf_f:
40.4644535000
# K_f:
0.126336700000
# t0_f:
0.594268800000
# Linf_m:
36.0729742000
# K_m:
0.138976400000
# t0_m:
0.357008100000
# age_incr:
 0.00000000000 0.00000000000 0.00000000000 0.00000000000 0.00000000000 0.00000000000 0.00000000000 0.00000000000 0.00000000000 0.00000000000 0.00000000000
# yr_incr:
 0.00000000000 0.00000000000 0.00000000000 0.00000000000 0.00000000000 0.00000000000 0.00000000000 0.00000000000 0.00000000000 0.00000000000 0.00000000000 0.00000000000 0.00000000000 0.00000000000 0.00000000000 0.00000000000 0.00000000000 0.00000000000 0.00000000000 0.00000000000 0.00000000000 0.00000000000 0.00000000000 0.00000000000 0.00000000000 0.00000000000 0.00000000000 0.00000000000 0.00000000000 0.00000000000 0.00000000000 0.00000000000 0.00000000000 0.00000000000 0.00000000000 0.00000000000 0.00000000000 0.00000000000 0.00000000000 0.00000000000 0.00000000000 0.00000000000 0.00000000000 0.00000000000 0.00000000000 0.00000000000 0.00000000000 0.00000000000 0.00000000000
# growth_alpha:
0.380000000000
# q_alpha:
 -0.136000000000
# mean_log_rec:
6.86640138260
# rec_dev:
 -2.61299728881 -1.62509017324 -1.76416742029 -1.89288577007 -1.99442449690 -2.05668156073 -2.18993606167 -2.32793432906 -1.68775510360 -1.55736906911 -0.874877918005 -0.722757592681 -0.593997586866 -0.494112235115 0.0145186384874 0.272930393219 -0.463610324168 -0.800765026464 -0.783640876661 -0.495509562414 0.356642124417 -0.271646129277 0.0919490036372 0.000462034542878 0.232408538653 0.772976327565 0.788511482253 0.730710504552 1.41416380339 1.27370677024 1.20962287633 1.75190534788 2.29118239208 1.32224832911 1.08835556959 1.94072149820 1.21853359927 0.656253363400 0.820117606298 0.361069020497 0.426193457077 0.499186612692 0.0451424686091 0.564039242565 0.323472992607 1.05126892962 1.51088758376 1.65762094230 1.46307251007 1.35452385538 1.56161510658 0.336749925341 -0.879116389042 -1.03622753218 -1.34300868930 -1.07917917347 -0.868089136831 -0.890007906114 -1.21591289806 0.150133926204 0.668411579474 0.791833439301 0.620684652412 0.574301992545 0.513743217761 0.0896436131675 -0.255288189594 -0.0345784047545 5.19244526842e-05
# mean_log_init:
-0.800000000000
# init_dev_m:
 0.00000000000 0.00000000000 0.00000000000 0.00000000000 0.00000000000 0.00000000000 0.00000000000 0.00000000000 0.00000000000 0.00000000000 0.00000000000 0.00000000000 0.00000000000 0.00000000000 0.00000000000 0.00000000000 0.00000000000 0.00000000000 0.00000000000
# init_dev_f:
 0.00000000000 0.00000000000 0.00000000000 0.00000000000 0.00000000000 0.00000000000 0.00000000000 0.00000000000 0.00000000000 0.00000000000 0.00000000000 0.00000000000 0.00000000000 0.00000000000 0.00000000000 0.00000000000 0.00000000000 0.00000000000 0.00000000000
# log_avg_fmort:
 -2.55572868577
# fmort_dev:
 2.11020803237 0.455130058571 -0.163184538383 0.144766907506 -0.687170020550 -0.849529086409 -0.958475759194 -0.654765586611 -0.227021093075 0.789885123097 -0.516094568676 -0.391830184827 0.191708150600 0.876373483126 0.657021635450 -0.146648716293 0.502105928298 0.531701894736 0.448163532788 0.535081739124 0.499625971161 0.494732143550 1.58302316633 -0.128099576357 -0.112185716280 -0.0199807887108 -0.818402885893 -0.443999852779 -0.625067054891 -0.230363792249 -0.453753364181 -0.334592847590 -0.327513942523 0.141995238006 0.126133057968 0.271920378222 0.331104927389 0.600812894488 0.263904312977 0.202251575102 0.0986398183888 0.0187096523140 -0.153241794298 -0.383445583956 -0.337989836175 -0.351629204733 -0.972352843633 -0.907812011366 -0.532270949260 -0.147578216370
# sel_slope_fsh_f:
 0.987962138436
# sel50_fsh_f:
 9.12123829199
# sel_slope_fsh_devs_f:
 0.0843090536040 0.0401662793276 0.0281969810861 0.0403421395573 0.213168762925 0.0617099062030 0.0992121528697 0.225769981305 0.0829313044773 -0.0267031833532 0.411996797830 0.469237108209 0.255041600407 0.262750348766 0.389020502359 0.149548711642 -0.0858804823901 -0.112720601833 0.178574445497 -0.0596886684642 0.0364229224655 0.0409052780492 0.127010106926 -0.313545471775 -0.247535261433 -0.364009352663 -0.486647529170 -0.439831591444 -0.334352304924 -0.167493114673 -0.159275377044 -0.0646157088371 0.0803798827814 0.0985665895332 0.0865086159210 -0.0725450201567 0.00800753344977 -0.166596700994 -0.345232315237 -0.116418657586 -0.350640044953 -0.212728008781 -0.415961391680 0.100156224549 -0.108148900282 0.172961482264 0.328167766936 0.247744088268 0.331786074399 -2.27748782597e-05
# sel50_fsh_devs_f:
 0.451581346490 0.413298334706 0.427360292811 0.516739648557 0.0121580813852 -0.387566725519 -0.483976526843 -0.424738699504 -0.140567199890 -0.0665442318195 -0.570397558465 -0.332855061027 -0.375494440531 -0.351870237919 -0.307420839919 -0.236769933309 0.0270663047423 0.0975941061712 0.0524128949327 0.154638508740 0.194094143635 0.279742082129 0.399753416523 0.303105629247 0.250632194727 0.210418844295 0.163207357558 0.128789161036 0.0751621385773 0.0392665212072 0.00486535889937 -0.0119025868164 -0.0627563970929 -0.0267389449142 0.0325116163049 0.115802723338 0.0990587646624 0.131782826648 0.140914059587 0.200734657527 0.241875482082 0.180895332871 0.145048429558 -0.201855104187 -0.106909820986 -0.344983184861 -0.372393134143 -0.342087344765 -0.342936092230 0.000254966796668
# sel_slope_fsh_m:
 1.20269326029
# male_sel_offset:
0.00000000000
# sel_slope_fsh_devs_m:
 0.0392826313798 -0.0362135209486 -0.0265707940705 0.00268376324330 0.0757288169373 -0.157456681722 0.180142809768 -0.132177352583 -0.398598887305 -0.413601856293 0.432897582162 0.383467031517 0.212199394287 0.460736533242 0.179451133589 0.238529235305 0.00149295559453 -0.0156868907742 0.307870344394 0.260336023908 0.0294658075201 0.0370234250309 0.0221487264947 0.108050198564 -0.0893384481186 -0.173703786847 -0.148240920250 -0.103236335252 0.0267939655441 -0.0444216235254 -0.0122257322920 -0.0578895490139 -0.0801428945849 -0.0794983557930 -0.0915043901711 -0.161549806801 -0.161807580272 -0.413554976244 -0.381862813302 -0.207892140318 -0.164530631097 -0.321753126618 -0.0253891057078 0.155699679133 0.114943839717 -0.000831933504195 0.167166332550 0.295802013188 0.167772677400 -4.66100305729e-06
# sel50_fsh_m:
 7.32242535007
# sel50_fsh_devs_m:
 0.457890068464 -0.703812511735 -0.478625440485 -0.619282623629 0.246946991454 -0.262238222526 -0.499294472416 -0.131894696162 0.245773008083 0.0881390035721 -0.547346154647 -0.292275302756 -0.285713366529 -0.281267729704 -0.170188224187 -0.254212705750 0.0529966369724 0.115906120410 0.123145152759 0.128368762709 0.338535469394 0.408045345676 0.643731659961 0.283701790564 0.273196190245 0.248905287563 0.0728818386307 0.0281990008141 -0.0403762641297 0.0725835082975 -0.0514066675475 0.0695997117035 0.0588667670855 0.172666194619 0.161216675691 0.210234616971 0.233302814844 0.297313521836 0.221005744071 0.301409242070 0.234784804048 0.0928868336047 -0.0660647305110 -0.161702708104 -0.212868332691 -0.177874791338 -0.229070361394 -0.255334923548 -0.160979352637 -0.000403647433155
# sel_slope_srv:
 1.71532862812
# sel50_srv:
 3.66176543369
# sel_slope_srv_m:
 0.358614601969
# sel50_srv_m:
 -0.165110610121
# F40:
 0.120000000000
# F35:
 0.160000000000
# F30:
 0.210000000000
# R_logalpha:
3.19843225582
# R_logbeta:
-5.54412755432
# sigmaR:
0.600000000000
# wt_fsh_fut_f:
 0.00000000000 0.00000000000 0.00000000000 0.0786325210000 0.211681441000 0.239698067000 0.321377110000 0.412035149000 0.488813038000 0.533368330000 0.591704599000 0.596838402000 0.665519047000 0.606913530000 0.651830391000 0.703553942000 0.691348419000 0.645551393000 0.704359247000 0.703001674000
# wt_fsh_fut_m:
 0.00000000000 0.00000000000 0.00000000000 0.0944989750000 0.190653362000 0.215384739000 0.287504923000 0.323814830000 0.341870399000 0.384305775000 0.419456553000 0.398742563000 0.572258751000 0.459171271000 0.445694884000 0.643989883000 0.524038561000 0.454644928000 0.509769981000 0.471338657000
# wt_pop_fut_f:
 0.00000000000 0.0170000000000 0.0430000000000 0.0723863640000 0.174879310000 0.219567164000 0.323088608000 0.422910448000 0.519974359000 0.608750000000 0.631800000000 0.654333333000 0.631142857000 0.708000000000 0.686750000000 0.714200000000 0.766571429000 0.710285714000 0.737153846000 0.771375000000
# wt_pop_fut_m:
 0.0100000000000 0.0100000000000 0.0376666670000 0.0794736840000 0.179511111000 0.204972603000 0.273986486000 0.303825000000 0.325000000000 0.337600000000 0.374800000000 0.316750000000 0.422000000000 0.425000000000 0.438000000000 0.374000000000 0.405666667000 0.434000000000 0.366000000000 0.430000000000
# log_msy_sel_f:
 -7.49889826693 -6.29032286382 -5.08569032623 -3.89511432664 -2.75238528170 -1.74761911158 -1.00842380440 -0.548755948206 -0.275575795663 -0.123476164679 -0.0502495031731 -0.0193681580955 -0.00728980146641 -0.00271948294474 -0.00101163814340 -0.000376084639688 -0.000139820287416 -0.000139831266834 -0.000139826262000 -0.000139828273433
# log_msy_sel_m:
 -7.53329570213 -6.12108724778 -4.71451446451 -3.33234093571 -2.04702602200 -1.03635402804 -0.434666073602 -0.155437781204 -0.0494631234834 -0.0148826863243 -0.00440094409951 -0.00129837061017 -0.000383825308622 -0.000113787999596 -3.38197421431e-05 -1.00798850519e-05 -3.00475109844e-06 -3.00310736762e-06 -3.00590811409e-06 -3.00602188061e-06
# rec_dev_future:
 0.00000000000 0.00000000000 0.00000000000 0.00000000000 0.00000000000 0.00000000000 0.00000000000 0.00000000000 0.00000000000 0.00000000000
