ParName   Value   Gradient
ln_q_srv(1)     0.455624 -4.07837e-06
natmort_f     0.199846  3.83638e-05
natmort_m     0.233332  3.17645e-05
mean_log_rec      6.88855 -3.82032e-05
rec_dev(1956)     -2.45693 -1.68855e-05
rec_dev(1957)     -1.49786 -2.78504e-05
rec_dev(1958)     -1.64659 -3.10618e-05
rec_dev(1959)     -1.78008 -2.66451e-05
rec_dev(1960)     -1.88481 -4.58733e-05
rec_dev(1961)     -1.93925   -1.651e-05
rec_dev(1962)     -2.09486 -2.18979e-05
rec_dev(1963)     -2.27116 -2.11773e-05
rec_dev(1964)     -1.65332 -3.67678e-05
rec_dev(1965)     -1.54243 -4.10312e-05
rec_dev(1966)    -0.894069 -5.92625e-05
rec_dev(1967)    -0.760194 -3.90157e-05
rec_dev(1968)    -0.638926 -2.81274e-05
rec_dev(1969)    -0.540262 -4.04127e-05
rec_dev(1970)   -0.0300466 -6.82237e-05
rec_dev(1971)     0.229858 -8.05621e-05
rec_dev(1972)    -0.507348 -2.46343e-05
rec_dev(1973)    -0.840967 -2.15045e-05
rec_dev(1974)    -0.815068 -3.37966e-07
rec_dev(1975)    -0.521952  2.75882e-06
rec_dev(1976)     0.329938  1.07225e-05
rec_dev(1977)    -0.303738  3.42135e-06
rec_dev(1978)     0.052316 -6.99456e-06
rec_dev(1979)   -0.0347619  5.52265e-07
rec_dev(1980)     0.206799 -9.43323e-07
rec_dev(1981)     0.751337  5.23589e-06
rec_dev(1982)     0.763876   2.3089e-06
rec_dev(1983)     0.711783 -1.07861e-05
rec_dev(1984)      1.40177 -4.92096e-05
rec_dev(1985)        1.261 -3.93953e-05
rec_dev(1986)      1.19112 -1.57873e-05
rec_dev(1987)      1.73239  1.63179e-05
rec_dev(1988)      2.27488  3.11269e-05
rec_dev(1989)      1.30855  2.55552e-06
rec_dev(1990)      1.07757 -7.58513e-06
rec_dev(1991)      1.93346 -3.34587e-05
rec_dev(1992)      1.21475 -5.20037e-06
rec_dev(1993)     0.655041  1.48633e-05
rec_dev(1994)     0.820134 -8.03559e-06
rec_dev(1995)     0.362231 -8.32479e-06
rec_dev(1996)     0.426944  3.12828e-06
rec_dev(1997)     0.498291  5.06871e-06
rec_dev(1998)    0.0416118  7.36385e-06
rec_dev(1999)     0.556179 -1.97248e-06
rec_dev(2000)     0.312328 -2.22625e-05
rec_dev(2001)      1.03793 -2.74583e-05
rec_dev(2002)      1.49571 -5.36837e-07
rec_dev(2003)      1.64265   -2.688e-05
rec_dev(2004)       1.4498    1.476e-05
rec_dev(2005)      1.34262  2.02837e-05
rec_dev(2006)      1.55112 -1.73763e-07
rec_dev(2007)     0.327118  -1.9855e-07
rec_dev(2008)    -0.888653  1.48269e-06
rec_dev(2009)     -1.04542  1.13744e-06
rec_dev(2010)     -1.34825  9.02213e-06
rec_dev(2011)     -1.07732  1.88392e-05
rec_dev(2012)    -0.865608  3.32266e-05
rec_dev(2013)    -0.891512   1.1595e-05
rec_dev(2014)     -1.21965  3.92185e-06
rec_dev(2015)     0.148143 -3.93333e-05
rec_dev(2016)     0.667797  1.34271e-06
rec_dev(2017)     0.783192  6.09899e-06
rec_dev(2018)      0.59681 -3.73691e-05
rec_dev(2019)     0.549079 -8.07309e-05
rec_dev(2020)     0.495288  -5.3366e-05
rec_dev(2021)    0.0798639  2.42682e-05
rec_dev(2022)     -0.25704 -4.24082e-06
rec_dev(2023)   -0.0332567 -1.67653e-06
rec_dev(2024)  5.05572e-05   3.0021e-06
log_avg_fmort(1)     -2.43909 -2.50704e-05
fmort_dev(1,1975)      1.76761 -1.60115e-07
fmort_dev(1,1976)      2.49487  -0.00016367
fmort_dev(1,1977)    -0.151323  -0.00013006
fmort_dev(1,1978)      0.13885 -0.000202526
fmort_dev(1,1979)    -0.724467  2.03012e-05
fmort_dev(1,1980)    -0.906911  1.39129e-05
fmort_dev(1,1981)     -1.00742  3.78907e-06
fmort_dev(1,1982)     -0.71457  4.76554e-06
fmort_dev(1,1983)    -0.284972  2.62928e-06
fmort_dev(1,1984)     0.727548 -1.37641e-05
fmort_dev(1,1985)    -0.548356  4.18082e-06
fmort_dev(1,1986)    -0.422472  5.62666e-06
fmort_dev(1,1987)     0.163053  7.48744e-06
fmort_dev(1,1988)     0.863935  1.00528e-05
fmort_dev(1,1989)     0.631443 -2.46434e-06
fmort_dev(1,1990)    -0.163684 -7.38036e-06
fmort_dev(1,1991)     0.497098 -1.57642e-05
fmort_dev(1,1992)      0.52914 -6.03544e-06
fmort_dev(1,1993)     0.437772 -5.34624e-08
fmort_dev(1,1994)     0.536715 -3.71074e-05
fmort_dev(1,1995)     0.490035 -7.99187e-05
fmort_dev(1,1996)     0.500543 -1.57879e-05
fmort_dev(1,1997)      1.45431  0.000213955
fmort_dev(1,1998)    -0.127838 -2.37278e-05
fmort_dev(1,1999)    -0.124443 -4.47698e-05
fmort_dev(1,2000)   -0.0361534 -2.13429e-05
fmort_dev(1,2001)    -0.837635 -1.38189e-05
fmort_dev(1,2002)    -0.452947   7.1864e-07
fmort_dev(1,2003)    -0.655406  2.15423e-06
fmort_dev(1,2004)    -0.278816  8.55339e-06
fmort_dev(1,2005)    -0.504617 -6.95895e-07
fmort_dev(1,2006)    -0.390099 -2.59194e-06
fmort_dev(1,2007)    -0.386531  1.16257e-05
fmort_dev(1,2008)    0.0820007  -6.3461e-06
fmort_dev(1,2009)    0.0700711  -2.0228e-05
fmort_dev(1,2010)     0.218578 -1.68859e-05
fmort_dev(1,2011)     0.277945 -2.56683e-06
fmort_dev(1,2012)     0.546415 -1.23642e-05
fmort_dev(1,2013)     0.225298 -1.58459e-05
fmort_dev(1,2014)     0.166813  2.48306e-06
fmort_dev(1,2015)    0.0737325 -9.37064e-07
fmort_dev(1,2016)   -0.0247914 -6.53797e-05
fmort_dev(1,2017)    -0.183666  0.000109445
fmort_dev(1,2018)    -0.437344 -5.40886e-05
fmort_dev(1,2019)     -0.38858 -1.76654e-06
fmort_dev(1,2020)    -0.407886  3.55335e-06
fmort_dev(1,2021)     -1.02662 -1.88643e-05
fmort_dev(1,2022)    -0.953953   0.00011307
fmort_dev(1,2023)    -0.591295  6.06507e-05
fmort_dev(1,2024)    -0.160969 -0.000220754
sel_slope_fsh_f(1)     0.967668 -6.79084e-05
sel50_fsh_f(1)      9.27995 -1.07098e-05
sel_slope_fsh_devs_f(1,1975)    0.0765724  1.91603e-05
sel_slope_fsh_devs_f(1,1976)     0.121317  4.11516e-05
sel_slope_fsh_devs_f(1,1977)    0.0292448  4.97858e-06
sel_slope_fsh_devs_f(1,1978)    0.0389057  8.81387e-06
sel_slope_fsh_devs_f(1,1979)     0.220218 -1.15101e-05
sel_slope_fsh_devs_f(1,1980)    0.0721536 -5.34939e-06
sel_slope_fsh_devs_f(1,1981)    0.0990374 -1.32277e-06
sel_slope_fsh_devs_f(1,1982)     0.238839  1.83745e-06
sel_slope_fsh_devs_f(1,1983)     0.100313 -7.52205e-06
sel_slope_fsh_devs_f(1,1984)  -0.00267127 -1.26795e-05
sel_slope_fsh_devs_f(1,1985)     0.400233  9.92226e-06
sel_slope_fsh_devs_f(1,1986)     0.472249  8.77616e-06
sel_slope_fsh_devs_f(1,1987)     0.257884 -6.79852e-06
sel_slope_fsh_devs_f(1,1988)     0.245426  3.95169e-06
sel_slope_fsh_devs_f(1,1989)     0.386488  1.29026e-05
sel_slope_fsh_devs_f(1,1990)     0.151522  5.27927e-06
sel_slope_fsh_devs_f(1,1991)   -0.0761885  1.37706e-05
sel_slope_fsh_devs_f(1,1992)    -0.104696  1.01224e-06
sel_slope_fsh_devs_f(1,1993)     0.172585  5.42734e-06
sel_slope_fsh_devs_f(1,1994)   -0.0669218    1.184e-05
sel_slope_fsh_devs_f(1,1995)     0.042412   2.4753e-06
sel_slope_fsh_devs_f(1,1996)    0.0483908 -8.74218e-06
sel_slope_fsh_devs_f(1,1997)     0.125142 -3.66743e-05
sel_slope_fsh_devs_f(1,1998)    -0.311046  1.50862e-05
sel_slope_fsh_devs_f(1,1999)    -0.253016  9.71599e-06
sel_slope_fsh_devs_f(1,2000)    -0.374582 -3.32564e-06
sel_slope_fsh_devs_f(1,2001)     -0.49265  1.15391e-06
sel_slope_fsh_devs_f(1,2002)    -0.479059  6.10946e-06
sel_slope_fsh_devs_f(1,2003)    -0.358341  8.38479e-06
sel_slope_fsh_devs_f(1,2004)    -0.176295  6.07833e-06
sel_slope_fsh_devs_f(1,2005)    -0.164407  7.02396e-06
sel_slope_fsh_devs_f(1,2006)   -0.0682966  2.32953e-06
sel_slope_fsh_devs_f(1,2007)    0.0835065  1.58108e-05
sel_slope_fsh_devs_f(1,2008)     0.106224  3.68402e-06
sel_slope_fsh_devs_f(1,2009)    0.0930855  9.62759e-06
sel_slope_fsh_devs_f(1,2010)   -0.0594413  5.30506e-06
sel_slope_fsh_devs_f(1,2011)     0.016221 -6.30105e-06
sel_slope_fsh_devs_f(1,2012)    -0.154819 -1.08258e-06
sel_slope_fsh_devs_f(1,2013)    -0.348703 -7.24458e-06
sel_slope_fsh_devs_f(1,2014)    -0.124269  1.33448e-06
sel_slope_fsh_devs_f(1,2015)    -0.358399  4.00664e-06
sel_slope_fsh_devs_f(1,2016)    -0.219413 -6.03926e-06
sel_slope_fsh_devs_f(1,2017)    -0.415769 -2.57259e-05
sel_slope_fsh_devs_f(1,2018)    0.0798826 -3.79804e-05
sel_slope_fsh_devs_f(1,2019)    -0.114334 -6.22511e-07
sel_slope_fsh_devs_f(1,2020)     0.169207 -2.85963e-06
sel_slope_fsh_devs_f(1,2021)     0.321069  3.07922e-06
sel_slope_fsh_devs_f(1,2022)     0.231082 -0.000108103
sel_slope_fsh_devs_f(1,2023)     0.324126 -0.000293888
sel_slope_fsh_devs_f(1,2024)  -2.0939e-05 -0.000388074
sel50_fsh_devs_f(1,1975)     0.410186  6.98468e-05
sel50_fsh_devs_f(1,1976)     0.499781  0.000617416
sel50_fsh_devs_f(1,1977)     0.426305  6.46792e-05
sel50_fsh_devs_f(1,1978)     0.513062  0.000147798
sel50_fsh_devs_f(1,1979)  0.000685443 -7.04075e-05
sel50_fsh_devs_f(1,1980)     -0.39505 -8.43226e-06
sel50_fsh_devs_f(1,1981)    -0.482453  1.12857e-05
sel50_fsh_devs_f(1,1982)    -0.434695  1.78334e-05
sel50_fsh_devs_f(1,1983)    -0.153288  4.74912e-05
sel50_fsh_devs_f(1,1984)   -0.0832082  2.73562e-05
sel50_fsh_devs_f(1,1985)    -0.563133  1.06834e-05
sel50_fsh_devs_f(1,1986)    -0.336607  1.92026e-05
sel50_fsh_devs_f(1,1987)    -0.374296  3.83776e-05
sel50_fsh_devs_f(1,1988)    -0.341336  7.76372e-06
sel50_fsh_devs_f(1,1989)    -0.308621  4.65473e-05
sel50_fsh_devs_f(1,1990)     -0.23426   1.6159e-05
sel50_fsh_devs_f(1,1991)    0.0265328  4.91406e-05
sel50_fsh_devs_f(1,1992)    0.0971379  6.41102e-05
sel50_fsh_devs_f(1,1993)    0.0508436  0.000104236
sel50_fsh_devs_f(1,1994)     0.156707  0.000104023
sel50_fsh_devs_f(1,1995)     0.187691  0.000184977
sel50_fsh_devs_f(1,1996)     0.273657  3.24272e-05
sel50_fsh_devs_f(1,1997)     0.380628 -0.000597733
sel50_fsh_devs_f(1,1998)     0.303461  0.000156344
sel50_fsh_devs_f(1,1999)     0.251464  7.56282e-05
sel50_fsh_devs_f(1,2000)     0.216373   1.2565e-05
sel50_fsh_devs_f(1,2001)     0.174957  1.43107e-05
sel50_fsh_devs_f(1,2002)     0.156773  2.52765e-05
sel50_fsh_devs_f(1,2003)    0.0927672  2.63293e-05
sel50_fsh_devs_f(1,2004)    0.0439818  1.95478e-05
sel50_fsh_devs_f(1,2005)   0.00808975  1.05138e-05
sel50_fsh_devs_f(1,2006)   -0.0122403   2.4197e-05
sel50_fsh_devs_f(1,2007)   -0.0683949  2.63823e-05
sel50_fsh_devs_f(1,2008)    -0.035193  3.98239e-05
sel50_fsh_devs_f(1,2009)    0.0239836   9.5858e-05
sel50_fsh_devs_f(1,2010)     0.106328  7.18982e-05
sel50_fsh_devs_f(1,2011)    0.0900068  1.61906e-05
sel50_fsh_devs_f(1,2012)     0.122691  3.82468e-05
sel50_fsh_devs_f(1,2013)     0.139593  1.96661e-05
sel50_fsh_devs_f(1,2014)     0.195892   4.2656e-06
sel50_fsh_devs_f(1,2015)     0.241651  5.46878e-06
sel50_fsh_devs_f(1,2016)     0.175777   2.6822e-05
sel50_fsh_devs_f(1,2017)      0.15506 -0.000326343
sel50_fsh_devs_f(1,2018)    -0.192629 -0.000107123
sel50_fsh_devs_f(1,2019)    -0.100366  1.71287e-05
sel50_fsh_devs_f(1,2020)    -0.344772  2.85026e-05
sel50_fsh_devs_f(1,2021)    -0.374307  3.40827e-05
sel50_fsh_devs_f(1,2022)    -0.339873 -0.000453585
sel50_fsh_devs_f(1,2023)    -0.347621 -0.000944859
sel50_fsh_devs_f(1,2024)  0.000275982   -0.0016422
sel_slope_fsh_m(1)       1.2353  3.35434e-05
male_sel_offset     -0.18163 -8.25407e-05
sel_slope_fsh_devs_m(1,1975)    0.0370805  6.96099e-06
sel_slope_fsh_devs_m(1,1976)    0.0260291  2.63831e-05
sel_slope_fsh_devs_m(1,1977)   -0.0219656 -5.05642e-06
sel_slope_fsh_devs_m(1,1978)   0.00275144 -5.87961e-06
sel_slope_fsh_devs_m(1,1979)    0.0390465  1.67603e-07
sel_slope_fsh_devs_m(1,1980)    -0.162368  3.55015e-06
sel_slope_fsh_devs_m(1,1981)     0.202978 -3.70923e-06
sel_slope_fsh_devs_m(1,1982)    -0.131312  1.07645e-05
sel_slope_fsh_devs_m(1,1983)    -0.416174 -1.20494e-06
sel_slope_fsh_devs_m(1,1984)    -0.396427  9.21294e-06
sel_slope_fsh_devs_m(1,1985)     0.431604  6.30788e-07
sel_slope_fsh_devs_m(1,1986)     0.383787  1.82803e-06
sel_slope_fsh_devs_m(1,1987)     0.211267 -2.11127e-06
sel_slope_fsh_devs_m(1,1988)     0.444893 -3.84412e-06
sel_slope_fsh_devs_m(1,1989)     0.174177 -1.05228e-05
sel_slope_fsh_devs_m(1,1990)     0.236913  8.41226e-06
sel_slope_fsh_devs_m(1,1991)   -0.0218723  1.78273e-05
sel_slope_fsh_devs_m(1,1992)   -0.0381537  3.87997e-06
sel_slope_fsh_devs_m(1,1993)     0.290816  8.22917e-06
sel_slope_fsh_devs_m(1,1994)     0.247899  5.39828e-06
sel_slope_fsh_devs_m(1,1995)    0.0286256 -3.74145e-06
sel_slope_fsh_devs_m(1,1996)     0.034951 -2.40171e-06
sel_slope_fsh_devs_m(1,1997)    0.0321452 -9.72983e-06
sel_slope_fsh_devs_m(1,1998)    0.0959795   2.2336e-06
sel_slope_fsh_devs_m(1,1999)    -0.102353  3.90219e-06
sel_slope_fsh_devs_m(1,2000)    -0.183752  1.08271e-06
sel_slope_fsh_devs_m(1,2001)    -0.157196 -1.59659e-06
sel_slope_fsh_devs_m(1,2002)    -0.121719 -3.39012e-06
sel_slope_fsh_devs_m(1,2003)    0.0147803 -2.76917e-06
sel_slope_fsh_devs_m(1,2004)   -0.0524709 -6.74303e-07
sel_slope_fsh_devs_m(1,2005)   -0.0116802  1.26915e-06
sel_slope_fsh_devs_m(1,2006)   -0.0549026 -2.04343e-06
sel_slope_fsh_devs_m(1,2007)   -0.0804435 -1.69933e-06
sel_slope_fsh_devs_m(1,2008)   -0.0860039 -2.64414e-06
sel_slope_fsh_devs_m(1,2009)   -0.0930479   9.3438e-06
sel_slope_fsh_devs_m(1,2010)    -0.161762  4.03538e-06
sel_slope_fsh_devs_m(1,2011)    -0.149536  1.68662e-05
sel_slope_fsh_devs_m(1,2012)    -0.399429 -1.35156e-06
sel_slope_fsh_devs_m(1,2013)    -0.361688  6.61539e-07
sel_slope_fsh_devs_m(1,2014)    -0.199348    6.503e-06
sel_slope_fsh_devs_m(1,2015)    -0.165553 -5.67399e-07
sel_slope_fsh_devs_m(1,2016)     -0.27715 -9.49423e-06
sel_slope_fsh_devs_m(1,2017)   -0.0303573  1.12509e-05
sel_slope_fsh_devs_m(1,2018)     0.160208 -1.47149e-05
sel_slope_fsh_devs_m(1,2019)     0.108734 -8.99765e-06
sel_slope_fsh_devs_m(1,2020)  -0.00537314 -7.59899e-06
sel_slope_fsh_devs_m(1,2021)     0.170418 -1.45665e-05
sel_slope_fsh_devs_m(1,2022)     0.304583  5.77301e-06
sel_slope_fsh_devs_m(1,2023)     0.202375  9.38783e-05
sel_slope_fsh_devs_m(1,2024) -3.95798e-06   0.00012968
sel50_fsh_m(1)      7.40449  3.28836e-05
sel50_fsh_devs_m(1,1975)     0.380898  9.18352e-05
sel50_fsh_devs_m(1,1976)     0.559898  0.000214579
sel50_fsh_devs_m(1,1977)    -0.439076  1.35849e-05
sel50_fsh_devs_m(1,1978)    -0.575947  4.35437e-05
sel50_fsh_devs_m(1,1979)     0.240336  6.16348e-05
sel50_fsh_devs_m(1,1980)    -0.306753  1.55332e-05
sel50_fsh_devs_m(1,1981)    -0.549676 -6.20604e-06
sel50_fsh_devs_m(1,1982)     -0.17662  2.36183e-06
sel50_fsh_devs_m(1,1983)     0.214588  9.96765e-06
sel50_fsh_devs_m(1,1984)    0.0330706  1.48752e-05
sel50_fsh_devs_m(1,1985)    -0.576202  1.46301e-05
sel50_fsh_devs_m(1,1986)    -0.318496  4.74959e-05
sel50_fsh_devs_m(1,1987)    -0.314241  4.30832e-06
sel50_fsh_devs_m(1,1988)    -0.299784  2.58606e-06
sel50_fsh_devs_m(1,1989)    -0.196861 -2.36446e-05
sel50_fsh_devs_m(1,1990)    -0.281005  2.91813e-05
sel50_fsh_devs_m(1,1991)    0.0352896  2.52912e-05
sel50_fsh_devs_m(1,1992)    0.0987161   7.2116e-06
sel50_fsh_devs_m(1,1993)     0.106253  3.14409e-05
sel50_fsh_devs_m(1,1994)     0.112006  2.88729e-05
sel50_fsh_devs_m(1,1995)     0.328165  4.37566e-05
sel50_fsh_devs_m(1,1996)     0.401338 -3.82302e-05
sel50_fsh_devs_m(1,1997)     0.587086 -0.000211577
sel50_fsh_devs_m(1,1998)     0.268807 -1.60735e-05
sel50_fsh_devs_m(1,1999)     0.256812  5.42847e-05
sel50_fsh_devs_m(1,2000)     0.231067 -3.49299e-06
sel50_fsh_devs_m(1,2001)    0.0513191  9.15458e-06
sel50_fsh_devs_m(1,2002)    0.0103676 -1.27092e-06
sel50_fsh_devs_m(1,2003)   -0.0637102 -9.56351e-06
sel50_fsh_devs_m(1,2004)    0.0453712  1.76466e-05
sel50_fsh_devs_m(1,2005)   -0.0845732  3.35438e-05
sel50_fsh_devs_m(1,2006)    0.0371007  1.00195e-05
sel50_fsh_devs_m(1,2007)    0.0270047  9.17795e-06
sel50_fsh_devs_m(1,2008)     0.145276  3.66507e-05
sel50_fsh_devs_m(1,2009)     0.132772   5.5778e-05
sel50_fsh_devs_m(1,2010)     0.181852  3.89184e-05
sel50_fsh_devs_m(1,2011)     0.203465  5.63038e-05
sel50_fsh_devs_m(1,2012)     0.264671 -1.15503e-05
sel50_fsh_devs_m(1,2013)      0.19052 -1.48295e-05
sel50_fsh_devs_m(1,2014)     0.278409  2.35591e-05
sel50_fsh_devs_m(1,2015)     0.214024   1.0948e-05
sel50_fsh_devs_m(1,2016)    0.0337661  1.80661e-05
sel50_fsh_devs_m(1,2017)   -0.0926846  1.77789e-05
sel50_fsh_devs_m(1,2018)    -0.194235 -3.43996e-05
sel50_fsh_devs_m(1,2019)     -0.24192 -2.55192e-05
sel50_fsh_devs_m(1,2020)    -0.210617  1.54088e-05
sel50_fsh_devs_m(1,2021)    -0.261347 -5.90199e-05
sel50_fsh_devs_m(1,2022)    -0.286138  0.000564177
sel50_fsh_devs_m(1,2023)    -0.199981   0.00107052
sel50_fsh_devs_m(1,2024) -0.000380927   0.00161072
sel_slope_srv(1)      1.76203 -5.95479e-06
sel50_srv(1)      3.62612  -2.6527e-06
sel_slope_srv_m(1)     0.326796 -1.60922e-06
sel50_srv_m(1)    -0.153765 -7.06393e-06
R_logalpha      3.25271  5.11533e-07
R_logbeta     -5.50432 -1.26165e-06
log_msy_sel_f(1)     -7.42828  -9.5668e-06
log_msy_sel_f(2)     -6.25487 -6.14524e-06
log_msy_sel_f(3)     -5.08532  2.72505e-07
log_msy_sel_f(4)     -3.92899 -1.04098e-06
log_msy_sel_f(5)     -2.81609 -4.54982e-07
log_msy_sel_f(6)     -1.82616 -1.01268e-06
log_msy_sel_f(7)     -1.07785 -6.30054e-06
log_msy_sel_f(8)    -0.599299 -6.99437e-06
log_msy_sel_f(9)     -0.30966 -1.05606e-05
log_msy_sel_f(10)    -0.143607 -8.23513e-06
log_msy_sel_f(11)   -0.0603579 -4.71764e-06
log_msy_sel_f(12)   -0.0239016 -5.12283e-06
log_msy_sel_f(13)  -0.00920742  1.98105e-06
log_msy_sel_f(14)  -0.00350873 -5.12981e-06
log_msy_sel_f(15)  -0.00133217  2.58893e-07
log_msy_sel_f(16) -0.000505289  7.55081e-06
log_msy_sel_f(17) -0.000191669 -5.93563e-07
log_msy_sel_f(18) -0.000191674 -2.74962e-06
log_msy_sel_f(19) -0.000191674 -2.59773e-06
log_msy_sel_f(20)  -0.00019167 -1.29362e-06
log_msy_sel_m(1)     -7.73583 -5.89149e-06
log_msy_sel_m(2)     -6.26311 -1.71511e-06
log_msy_sel_m(3)     -4.79605  5.17413e-06
log_msy_sel_m(4)     -3.35544  1.06662e-05
log_msy_sel_m(5)     -2.02574  1.26509e-05
log_msy_sel_m(6)     -1.00934  4.81808e-06
log_msy_sel_m(7)    -0.424893  7.81743e-06
log_msy_sel_m(8)    -0.153025    6.314e-06
log_msy_sel_m(9)   -0.0482853  2.56908e-06
log_msy_sel_m(10)   -0.0142515 -8.17578e-07
log_msy_sel_m(11)  -0.00411682    3.708e-06
log_msy_sel_m(12)  -0.00118446 -3.36447e-06
log_msy_sel_m(13)   -0.0003411  3.54553e-06
log_msy_sel_m(14)  -9.8435e-05 -3.48984e-06
log_msy_sel_m(15)  -2.8452e-05 -1.28455e-07
log_msy_sel_m(16) -8.23306e-06  1.26412e-06
log_msy_sel_m(17) -2.39159e-06 -1.89643e-06
log_msy_sel_m(18)  -2.3951e-06  -3.3018e-06
log_msy_sel_m(19) -2.38816e-06 -5.25291e-07
log_msy_sel_m(20)  -2.3874e-06 -2.22639e-07
rec_dev_future(2025)            0            0
rec_dev_future(2026)            0            0
rec_dev_future(2027)            0            0
rec_dev_future(2028)            0            0
rec_dev_future(2029)            0            0
rec_dev_future(2030)            0            0
rec_dev_future(2031)            0            0
rec_dev_future(2032)            0            0
rec_dev_future(2033)            0            0
rec_dev_future(2034)            0            0
