#Species name here:
GOA_ATF
#SSL Species?
0
#Constant buffer of Dorn?
0
#Number of fisheries?
1
#Number of sexes?
2
#5year_Average_F(endyr-4,endyr_as_estimated_by_ADmodel)
0.0273672
#_Author_F_as_fraction_F_40%
1
#ABC SPR
0.4
#MSY SPR
0.35
#_Spawn_month
2
#_Number_of_ages
21
#_F_ratio(must_sum_to_one_only_one_fishery)
1
#_Natural_Mortality 1 2 3 4 5 6 7 8 9 10 11 12 13 14 15 16 17 18 19 20 21
 0.2 0.2 0.2 0.2 0.2 0.2 0.2 0.2 0.2 0.2 0.2 0.2 0.2 0.2 0.2 0.2 0.2 0.2 0.2 0.2 0.2
#_Natural_Mortality 1 2 3 4 5 6 7 8 9 10 11 12 13 14 15 16 17 18 19 20 21
 0.35 0.35 0.35 0.35 0.35 0.35 0.35 0.35 0.35 0.35 0.35 0.35 0.35 0.35 0.35 0.35 0.35 0.35 0.35 0.35 0.35
#_Maturity_divided_by_2(projection_program_uses_to_get_female_spawning_biomass_if_sdivide_by_2 1 2 3 4 5 6 7 8 9 10 11 12 13 14 15 16 17 18 19 20 21
 0 0.001 0.004 0.016 0.062 0.209 0.513 0.808 0.944 0.985 0.996 0.999 1 1 1 1 1 1 1 1 1
#_Wt_at_age_spawners 1 2 3 4 5 6 7 8 9 10 11 12 13 14 15 16 17 18 19 20 21
 0.0615685 0.120383 0.201743 0.305137 0.429037 0.571272 0.729304 0.900441 1.08199 1.27136 1.46615 1.66413 1.86337 2.06212 2.25892 2.45251 2.64185 2.82609 3.00458 3.1768 3.72969
#_Wt_at_age_fishery1 female 1 2 3 4 5 6 7 8 9 10 11 12 13 14 15 16 17 18 19 20 21
 0.0615685 0.120383 0.201743 0.305137 0.429037 0.571272 0.729304 0.900441 1.08199 1.27136 1.46615 1.66413 1.86337 2.06212 2.25892 2.45251 2.64185 2.82609 3.00458 3.1768 3.72969
#_Wt_at_age_spawners1 male 1 2 3 4 5 6 7 8 9 10 11 12 13 14 15 16 17 18 19 20 21
 0.0424556 0.0982776 0.173798 0.262825 0.359179 0.45764 0.554226 0.646163 0.731696 0.809874 0.880339 0.943148 0.998632 1.04729 1.0897 1.1265 1.15828 1.18565 1.20915 1.22928 1.26598
#_Selectivity_fishery_scaled_to_max_at_one 1 2 3 4 5 6 7 8 9 10 11 12 13 14 15 16 17 18 19 20 21
 0.00452577 0.0120529 0.0312117 0.074537 0.156129 0.284492 0.463739 0.687223 0.8972 1 0.992636 0.975461 0.954966 0.933803 0.913684 0.895218 0.878827 0.8643 0.85167 0.85167 0.85167
#_Selectivity_fishery_scaled_to_max_at_one 1 2 3 4 5 6 7 8 9 10 11 12 13 14 15 16 17 18 19 20 21
 0.00684779 0.0169779 0.041422 0.0962806 0.204624 0.382294 0.61046 0.826042 0.961126 1 0.989339 0.963785 0.932402 0.899325 0.867105 0.837564 0.812097 0.791764 0.778519 0.778519 0.778519
#_Numbers_at_age_end_year 1 2 3 4 5 6 7 8 9 10 11 12 13 14 15 16 17 18 19 20 21
 218000 274974 190411 246149 147924 108372 76508.2 68809.8 67165.9 52752 35439.9 21956 17918.6 19065.1 15965.1 17387.5 14902.8 11743.8 9014.53 7902.03 37265.9
 218000 236656 141028 156869 81085.7 51055.8 30932.3 23838.5 19945.9 13461.7 7787.97 4155.3 2920.6 2676.46 1931.21 1814.42 1341.49 911.336 603.411 456.26 1266.65
#_N_recruitment_years
38
#_Recruitment_start_at_1977_yearclass=1979_for_age_2_recruits
 604096 686882 753418 686623 578288 553688 612443 787627 1.09904e+06 1.07311e+06 1.06825e+06 1.13974e+06 1.08361e+06 927620 988876 942436 747953 742385 791917 769996 946886 1.21533e+06 1.31523e+06 1.65843e+06 1.08321e+06 973672 890891 930472 946780 884419 649085 619220 464456 453633 582912 690032 700498 575632 516751
#_Spawners per recruitment (starting at 1977)
 713757 706850 700067 693050 685382 679454 679942 684832 696868 710209 718902 720711 725448 743993 774772 809687 845196 883270 914325 941251 956729 969843 975575 969581 954116 946309 948778 962384 1.00698e+06 1.05702e+06 1.09114e+06 1.10632e+06 1.10222e+06 1.09383e+06 1.08218e+06 1.05846e+06 1.03223e+06 993522 933642 887140 846142 809475
