# Number of parameters = 405 Objective function value = 1704.70456900479  Maximum gradient component = 0.00101868463764515
# ln_q_srv:
 0.490377126779966
# natmort_f:
0.191649019826
# natmort_m:
0.225712300360
# Linf_f:
40.4644535000
# K_f:
0.126336700000
# t0_f:
0.594268800000
# Linf_m:
36.0729742000
# K_m:
0.138976400000
# t0_m:
0.357008100000
# age_incr:
 0.00000000000 0.00000000000 0.00000000000 0.00000000000 0.00000000000 0.00000000000 0.00000000000 0.00000000000 0.00000000000 0.00000000000 0.00000000000
# yr_incr:
 0.00000000000 0.00000000000 0.00000000000 0.00000000000 0.00000000000 0.00000000000 0.00000000000 0.00000000000 0.00000000000 0.00000000000 0.00000000000 0.00000000000 0.00000000000 0.00000000000 0.00000000000 0.00000000000 0.00000000000 0.00000000000 0.00000000000 0.00000000000 0.00000000000 0.00000000000 0.00000000000 0.00000000000 0.00000000000 0.00000000000 0.00000000000 0.00000000000 0.00000000000 0.00000000000 0.00000000000 0.00000000000 0.00000000000 0.00000000000 0.00000000000 0.00000000000 0.00000000000 0.00000000000 0.00000000000 0.00000000000 0.00000000000 0.00000000000 0.00000000000 0.00000000000 0.00000000000 0.00000000000 0.00000000000 0.00000000000 0.00000000000
# growth_alpha:
0.380000000000
# q_alpha:
 -0.136000000000
# mean_log_rec:
7.28775531279
# rec_dev:
 -1.10180859866 -0.206249460689 -0.797121613091 -0.421614500519 -0.511418504005 -0.274640862223 0.270631969873 0.286627231968 0.228560082727 0.908047903204 0.759328639907 0.681126176478 1.21244693693 1.74925591177 0.783514020365 0.552105760888 1.40575752140 0.688757877362 0.131878460020 0.298855718500 -0.155186043811 -0.0878664336820 -0.0138337665679 -0.466391081075 0.0477675294307 -0.196506753482 0.525692088471 0.981600912630 1.12716629216 0.934196428032 0.828607909875 1.03967676631 -0.177682014648 -1.38114121148 -1.53027255252 -1.82601068255 -1.55665727793 -1.34221562205 -1.36202121411 -1.68424153009 -0.324759074650 0.187773779312 0.295839647794 0.107545812736 0.0717684451852 0.0413228251079 -0.282214080319 -0.391046466936 -0.0549316418231 -2.16933102433e-05
# mean_log_init:
3.61909326312
# init_dev_m:
 1.48913035590 1.36790691558 1.51751184957 1.93039556097 1.43958158042 0.957311664961 0.678245662991 0.235281963811 -0.348751386028 -0.917033685307 -0.773282438071 -1.11559332905 -1.12428357537 -1.11784626637 -1.16250016643 -1.17026651844 -1.14769381416 -1.14575151847 -1.14024258164
# init_dev_f:
 2.21414141018 1.90167890817 2.01216929073 2.60601369004 2.13121658141 1.26705677251 0.929373541370 0.662288419981 0.440436782084 -0.440266408651 -0.772036539854 -1.44864768661 -1.38321961329 -1.39298872620 -1.44198672775 -1.45096449098 -1.44412805063 -1.42711521215 -1.41514270207
# log_avg_fmort:
 -2.34829591526
# fmort_dev:
 1.26147418940 1.64424728483 1.54804517470 3.29094176605 -0.569816574128 -0.818961675879 -0.951999577968 -0.664200287701 -0.227673527457 0.811195721273 -0.587578570655 -0.469274304480 0.0996184737294 0.782168769942 0.551527767928 -0.251869867874 0.403081858138 0.429623957528 0.333000750940 0.423135929003 0.424152000243 0.437120722666 1.37933894683 -0.236169521806 -0.231905529002 -0.144334896245 -0.946287738549 -0.569926642233 -0.760957289622 -0.376065445912 -0.603818414579 -0.491232938275 -0.487452577077 -0.0193924559875 -0.0373716726306 0.106975995823 0.167239680339 0.438404938993 0.105783415609 0.0511217742942 -0.0463863827781 -0.130444964162 -0.300904240053 -0.541527423596 -0.501253455240 -0.525051048543 -1.14930055193 -1.08331061749 -0.716872397538 -0.246858466055
# sel_slope_fsh_f:
 0.976433012822
# sel50_fsh_f:
 9.24974937395
# sel_slope_fsh_devs_f:
 0.0562269407009 0.0728614938076 0.0760910301221 0.202501116708 0.141012440794 0.0123005346692 0.0703445441143 0.207202287279 0.0718914119069 -0.0429008323411 0.391889946851 0.460370519309 0.244456791661 0.243660019846 0.381910955775 0.142099640446 -0.0914875308057 -0.118941440418 0.168546360018 -0.0708593329966 0.0472187018226 0.0545962866349 0.136193672544 -0.321079705957 -0.253514181816 -0.367613574888 -0.488237445528 -0.453911171336 -0.342626438269 -0.169276746516 -0.160899811922 -0.0634155859070 0.0854497005449 0.105805993528 0.0961150670299 -0.0632814836660 0.0214698534610 -0.153244827468 -0.329546740705 -0.104089389155 -0.343005317099 -0.206337672679 -0.410509562483 0.0860965404891 -0.116368242733 0.167213208682 0.325669659069 0.249840199330 0.352105145509 7.14827299664e-06
# sel50_fsh_devs_f:
 0.382901692107 0.472261600760 0.530975414931 0.619294475042 0.0358969102716 -0.351381996307 -0.454556312720 -0.406577924872 -0.127499892109 -0.0451044029670 -0.565220506557 -0.334800849852 -0.376273143796 -0.350843934854 -0.314436155042 -0.242068217036 0.0224210464267 0.0926560633318 0.0450061419811 0.148713449419 0.195946911720 0.283663217935 0.384892813521 0.297853488940 0.243068941629 0.202814760854 0.156909442049 0.128258083357 0.0705105300714 0.0295191781603 -0.00596621646865 -0.0254757507580 -0.0786147553740 -0.0434719815831 0.0153085475202 0.0984621856734 0.0811769570174 0.113961761906 0.123111342602 0.185906387405 0.229744185353 0.168376163318 0.137449060018 -0.203379961980 -0.110734914124 -0.355339770397 -0.385954924216 -0.356488500429 -0.362833615151 -3.75382756115e-05
# sel_slope_fsh_m:
 1.22239598488
# male_sel_offset:
-0.110463156895
# sel_slope_fsh_devs_m:
 0.0249450753012 0.0320297579292 0.0349296216635 0.0322978220788 0.0640434799913 -0.150318217097 0.132328990288 -0.155730293573 -0.380482678411 -0.471059476032 0.418708811786 0.366468468893 0.196064524848 0.443148327093 0.165966453600 0.233154260091 -0.0251041910001 -0.0411844313158 0.293260201470 0.257296054398 0.0279124096025 0.0356709878871 0.0288360103936 0.100595231875 -0.0979952714950 -0.178013461157 -0.149129880685 -0.111569306953 0.0202977121714 -0.0508699659109 -0.0103459625622 -0.0557399712097 -0.0801212592455 -0.0860029374959 -0.0899377528979 -0.157144901191 -0.144428500036 -0.397584279360 -0.347884742312 -0.192058975425 -0.156466199165 -0.295315835083 -0.0342793234937 0.149402596985 0.101877527194 -0.00948061084449 0.172641523174 0.317154028318 0.219215596809 1.85425696042e-06
# sel50_fsh_m:
 7.80390036780
# sel50_fsh_devs_m:
 0.325242090475 0.438194463380 0.506218232015 0.732365606255 0.171052356287 -0.316777485581 -0.539371023716 -0.182978284795 0.177289876442 0.0628227384144 -0.616989594938 -0.359039767517 -0.356373953796 -0.350057699333 -0.244455047730 -0.332603162385 -0.0151799778509 0.0475107243820 0.0533692380438 0.0567054062250 0.276261374980 0.347373587726 0.536361848017 0.215595937194 0.203006156917 0.176534448606 -0.00446435054763 -0.0476691913783 -0.118161088434 -0.00604729377013 -0.137011884649 -0.0141714961679 -0.0250280336946 0.0937888671915 0.0795707868975 0.127933304044 0.149786604492 0.212190987192 0.133365488758 0.224617481294 0.159283057869 -0.00252919049621 -0.139901643023 -0.237823401171 -0.289595397704 -0.260130972142 -0.314451359793 -0.341859974852 -0.253925515035 0.000154817761494
# sel_slope_srv:
 1.87007352802
# sel50_srv:
 3.53587592694
# sel_slope_srv_m:
 0.299151168612
# sel50_srv_m:
 -0.143444266800
# F40:
 0.120000000000
# F35:
 0.160000000000
# F30:
 0.210000000000
# R_logalpha:
3.22874107555
# R_logbeta:
-5.45593461909
# sigmaR:
0.600000000000
# wt_fsh_fut_f:
 0.00000000000 0.00000000000 0.00000000000 0.0786325210000 0.211681441000 0.239698067000 0.321377110000 0.412035149000 0.488813038000 0.533368330000 0.591704599000 0.596838402000 0.665519047000 0.606913530000 0.651830391000 0.703553942000 0.691348419000 0.645551393000 0.704359247000 0.703001674000
# wt_fsh_fut_m:
 0.00000000000 0.00000000000 0.00000000000 0.0944989750000 0.190653362000 0.215384739000 0.287504923000 0.323814830000 0.341870399000 0.384305775000 0.419456553000 0.398742563000 0.572258751000 0.459171271000 0.445694884000 0.643989883000 0.524038561000 0.454644928000 0.509769981000 0.471338657000
# wt_pop_fut_f:
 0.00000000000 0.0170000000000 0.0430000000000 0.0723863640000 0.174879310000 0.219567164000 0.323088608000 0.422910448000 0.519974359000 0.608750000000 0.631800000000 0.654333333000 0.631142857000 0.708000000000 0.686750000000 0.714200000000 0.766571429000 0.710285714000 0.737153846000 0.771375000000
# wt_pop_fut_m:
 0.0100000000000 0.0100000000000 0.0376666670000 0.0794736840000 0.179511111000 0.204972603000 0.273986486000 0.303825000000 0.325000000000 0.337600000000 0.374800000000 0.316750000000 0.422000000000 0.425000000000 0.438000000000 0.374000000000 0.405666667000 0.434000000000 0.366000000000 0.430000000000
# log_msy_sel_f:
 -7.48944366922 -6.28483348303 -5.08425224504 -3.89801956712 -2.76056657223 -1.76313534379 -1.03184042809 -0.574838447715 -0.297231646210 -0.137144818447 -0.0571834503515 -0.0224558483241 -0.00858054148062 -0.00324387037334 -0.00122183221314 -0.000459732222364 -0.000172961240570 -0.000172963509896 -0.000172962237867 -0.000172961197311
# log_msy_sel_m:
 -7.87993647056 -6.40704301880 -4.93960354867 -3.49807471561 -2.16631369783 -1.14268604479 -0.532539198203 -0.215869219263 -0.0743188250917 -0.0230486368082 -0.00685844743282 -0.00201632185613 -0.000591372631131 -0.000173494089254 -5.09402906796e-05 -1.49679997480e-05 -4.40107056143e-06 -4.40151305929e-06 -4.39880490122e-06 -4.40109323185e-06
# rec_dev_future:
 0.00000000000 0.00000000000 0.00000000000 0.00000000000 0.00000000000 0.00000000000 0.00000000000 0.00000000000 0.00000000000 0.00000000000
