#endyr_in
2024
#nages
20
#a_lw_f
0.00618
#b_lw_f
3.1765
#a_lw_m
0.00505
#b_lw_m
3.2243
#nfsh
1
#obs_catch
 12.014 9.964 5.319 7.038 5.874 8.798 9.021 11.843 13.619 37.679 18.75 19.611 40.822 86.366 68.912 35.253 56.0575 52.7227 64.2615 59.6068 55.0291 46.9292 67.8148 33.644 41.0898 49.6679 29.4768 41.8668 36.0861 48.6809 37.3625 36.4559 37.1261 51.2762 48.7158 53.2004 60.5345 75.945 59.7514 51.6901 45.4676 45.0719 35.106 28.1973 25.8325 25.9375 14.3936 18.3992 27.2108 27.339
#nyrs_fsh_age_c
 0
#nyrs_fsh_age_s
 42
#yrs_fsh_age_c

#yrs_fsh_age_s
 1979 1980 1981 1982 1983 1984 1985 1986 1987 1988 1989 1990 1991 1992 1993 1994 1998 1999 2000 2001 2002 2003 2004 2005 2006 2007 2008 2009 2010 2011 2012 2013 2014 2015 2016 2017 2018 2019 2020 2021 2022 2023
#oac_fsh_c

#oac_fsh_s
 0 0 0 0.00020922 0.00016419 0.00105274 0.00855397 0.0430108 0.16303 0.165336 0.0530752 0.0546635 0.0552296 0.0440693 0.0226745 0.0156178 0.00025772 0 0.00010967 0 0 0 0 8.34e-05 0.00049017 0.00071514 0.0105632 0.0220274 0.0504313 0.0891616 0.0634365 0.0741637 0.0421945 0.0171758 0 0.00250299 0 0 0 0
 0 0 0.0083923 0.0426667 0.0619307 0.0339029 0.069585 0.0435024 0.0345273 0.108745 0.0818106 0.0306045 0.0370014 0.0252498 0.0207391 0.00746879 0 0 0 0 0 0.00412853 0.0402993 0.0201805 0.0871304 0.0456849 0.0250792 0.0244199 0.0326448 0.0612131 0.0242412 0.0149257 0.0046968 0.00772301 0.00150626 0 0 0 0 0
 0 9.56e-05 0.0247216 0.0443374 0.0170981 0.135341 0.044579 0.0232841 0.0221222 0.0351523 0.103036 0.0432597 0.0373161 0.0124538 0.0230018 0.0108101 0.00200773 0.00094809 0 0 0 0.00248542 0.0436622 0.0666117 0.036742 0.170666 0.0218895 0.0124748 0.01907 0.0310788 0.0132297 0.00080158 0.00057788 0.00021624 0.00065431 0.00020878 6.71e-05 0 0 0
 0 0 0.0228433 0.0232455 0.02486 0.102162 0.120397 0.103473 0.043176 0.0521798 0.036704 0.0310351 0.0305334 0.0175662 0.00289661 0.00559083 0.00364145 0 0.00089381 0 0 0.00266762 0.0139902 0.0321786 0.0267495 0.0297795 0.08528 0.0483209 0.0167171 0.0211927 0.0189697 0.0525051 0.0229909 0.00745944 0 0 0 0 0 0
 0 0 0.00058823 0.00996645 0.0288763 0.0259604 0.0783695 0.102075 0.0809289 0.0778122 0.0435104 0.0550333 0.110537 0.0526074 0.0392626 0.0393162 0.0075649 0.00464746 0.00150149 0 0 0 0.00015905 0.0085962 0.024337 0.0145772 0.0281589 0.046841 0.0145069 0.0192653 0.00306176 0.0114916 0.0311677 0.0187086 0.0161173 0.00445348 0 0 0 0
 0 0 0.00118123 0.0120689 0.0220672 0.0250627 0.0428066 0.0503348 0.0871745 0.0688083 0.0395793 0.0437519 0.0728678 0.0449348 0.041574 0.0319648 0.0090742 0 0.0090742 0 0 0.00221028 0.0103237 0.0670165 0.0413492 0.0176607 0.0650918 0.0318807 0.0603858 0.015145 0.0113024 0.0145822 0.00354485 0.0166578 0.0118675 0.0128456 0.00354485 0 0 0.0122657
 0 0.00161257 0.00765731 0.0503106 0.102398 0.0602492 0.0635485 0.0608005 0.0319531 0.0525167 0.0132678 0.00646384 0.00275998 0.0057615 0.0137919 0.0172102 0.00225967 0.00218053 0.00154366 0.00409828 0 0.00735846 0.0284209 0.0918442 0.149259 0.0956978 0.0417413 0.0305614 0.0243179 0.0145571 0.00274121 0.00017747 0.00153442 0.007084 0.00053954 0.00153566 0.00224608 0 0 0
 0 0 0 0.00216573 0.0338487 0.0705868 0.085543 0.0652861 0.0934052 0.0353335 0.0917138 0.0146466 0.0146425 0.0135543 0.00455297 0.0130549 0.0128471 0.00043349 0 0.0123717 0 0 0.00615786 0.0263261 0.0798486 0.151453 0.0731684 0.0406468 0.0303352 0 0.0280773 0 0 0 0 0 0 0 0 0
 0 0 0.0117429 0.0363151 0.0282694 0.074118 0.145732 0.0443389 0.0267349 0.0307078 0.0249669 0.046963 0.0104157 0.00294368 0.00357015 0.00179279 0.00344148 0.00262338 0.00082864 0.00513328 0 0.00045355 0.0206048 0.0348645 0.0855514 0.0818842 0.127711 0.0414543 0.0510153 0.0249067 0 0.0278926 0 0 0 0 0.00302369 0 0 0
 0 0 0.00369231 0.00753921 0.0980767 0.0476505 0.0784407 0.0760005 0.0495462 0.0164351 0.0375632 0.0133538 0.0204531 0.0153377 0 0.00217493 0.0032546 0.0117845 0.00382722 0.00461344 0 0.0007278 0.0034351 0.0234886 0.0834618 0.12815 0.136874 0.0479537 0.038455 0.00226799 0.0147267 0.0133213 0 0.00464417 0 0 0 0.00797763 0.00477258 0
 0 6.74e-05 0.00090026 0.00781905 0.0320034 0.104736 0.0720494 0.0943765 0.0774478 0.0269036 0.0195251 0.0287651 0.0155577 0.0237553 0.0142205 0.00405958 0.00124015 0.00124015 0.0129599 0.00985688 0 0.00014576 0.00228764 0.0206002 0.0735003 0.109794 0.0810777 0.0462145 0.0423843 0.0235376 0.012929 0.00560115 0.00604701 0.0139579 0 0.0121412 0 0 0 0.00229791
 0 0 0.00271205 0.0247631 0.0312153 0.050564 0.0669836 0.105965 0.0506072 0.027975 0.0257767 0.00359778 0.0207874 0.00782112 0.00985425 0.00595594 0.00373396 0 0 0.00599973 0 0 0.00648194 0.0604748 0.0567778 0.137462 0.108774 0.0787842 0.0355074 0.0274438 0.0220183 0.00363704 0.00828412 0.00588432 0.00207944 0 0 0.00207944 0 0
 0 3.99e-05 0.00654964 0.020796 0.0150903 0.0226359 0.0281574 0.0911901 0.0533037 0.0590317 0.0501963 0.0225836 0.0141702 0.0112177 0.00535575 0.011104 0.000471 0.00155026 0.000869999 0.00596766 0 0.000292 0.00945744 0.0240093 0.0141821 0.0553819 0.0774569 0.141197 0.0943546 0.0543417 0.0300372 0.0231795 0.0132749 0.00654437 0.0150301 0.0072859 0.00648653 0.00246676 0.000328 0.00441244
 0 0 0.000781001 0.000736001 0.0208389 0.0217051 0.0322219 0.0739596 0.075003 0.0200102 0.0651906 0.040611 0.0175398 0.0174336 0.00648786 0.00271942 0.00903505 0.00418804 0.00383168 0.00567084 0 0 0.00222165 0.00671392 0.0410579 0.0331989 0.0548479 0.130513 0.112414 0.0551447 0.0637639 0.0251028 0.00958433 0.0138829 0.00785599 0.000305 0.0237814 0.000498001 0.000450001 0.000700001
 0 0 0 0 0 0.0110601 0.0352593 0.0593623 0.0471463 0.169826 0.022894 0.0338059 0.0266095 0.0111647 0.00619052 0.00456659 0.00283157 0.00380211 0.00209221 0.00519406 0 0 0 0 0 0.0220152 0.0618895 0.0803873 0.088055 0.21068 0.0168088 0.0218036 0.0204478 0.0110529 0.00131651 0.00097 0.00629282 0.00893288 0.00623009 0.00131212
 0 0 0 0.00071 0 0.00267948 0.0305761 0.0463271 0.0614569 0.067597 0.0624087 0.0204991 0.0324262 0.0281039 0.00939529 0.00760886 0.00259029 0.000792 0.00367346 0.00361324 0 0 0 0.00232894 0 0.0102406 0.0774843 0.165778 0.0776393 0.0899588 0.112614 0.0202544 0.0283248 0.0134007 0.00794686 0.00800666 0.000221 6.33e-05 0.00496478 0.000316
 0 0 0 0 0.00167608 0.00232758 0.00963418 0.0237453 0.0156054 0.0269933 0.115665 0.07517 0.0485593 0.0475323 0.0137185 0.00764899 0.0124892 0.00663544 0.00147934 0.00342964 0 0 0 0 0.00260126 0.0021129 0.00522989 0.034634 0.0329181 0.0834282 0.231914 0.0957752 0.0276607 0.0277807 0.0195929 0.00548109 0.00977223 0.00807913 0.000218 0.000492
 0 0 0 0 0.00549764 0.00602922 0.00939867 0.00730151 0.0336759 0.0215228 0.0410934 0.180762 0.0656931 0.0484435 0.0333916 0.00844359 0.00566477 0.00469208 0.0012598 0.00504193 0 0 0 0 0 0.00598393 0.0161231 0.00941197 0.0919418 0.0343119 0.0869385 0.18069 0.050769 0.0154016 0.0225449 0.0066699 0.000468 0.000244 0.000141 0.000449
 0 0 0 0 0.00321702 0.006654 0.00651568 0.0115916 0.0375649 0.0754955 0.0229482 0.0548859 0.155139 0.0619627 0.0254176 0.0206895 0.0177826 0.0029423 0.00672175 0.00119077 0 0 0 0 0.0071709 0.00266641 0.0118478 0.0137647 0.031634 0.129294 0.0494001 0.041809 0.10491 0.045197 0.0268321 0.0120143 0.00487276 0.00274245 0.0031331 0.00199189
 0 0 0 0 0.00387417 0.0176448 0.0197756 0.0174521 0.0169666 0.0305412 0.0808755 0.0430844 0.0573658 0.104388 0.0650983 0.018366 0.0198397 0.007503 0.00404633 0.00365614 0 0 0 0 0.0100853 0.0129598 0.0231233 0.0341556 0.030089 0.069269 0.12091 0.046104 0.0476961 0.0600424 0.0267513 0.00428016 0.00294938 0.000543999 0.000322 0.000241
 0 0 0 0.00217404 0.00290827 0.0110731 0.0136799 0.0178835 0.0445631 0.0204206 0.0440534 0.0791159 0.0332983 0.0425997 0.0881257 0.0407609 0.0170937 0.0243544 0.00533178 0.00292896 0 0 0 0.00376093 0.00589799 0.0260674 0.0195235 0.0167536 0.0529434 0.0562984 0.0683735 0.108176 0.0355169 0.0108693 0.0672597 0.0284846 0.00630528 0.00261366 0.00046 0.000331
 0 0.000613 8.24e-05 0.00380653 0.0093024 0.010118 0.0209134 0.0133064 0.0173043 0.0383244 0.0205711 0.0693853 0.0850585 0.0336395 0.0500749 0.0574443 0.0453427 0.0119467 0.00717218 0.00674967 0 0.000647 0.000183 0.00835996 0.00579542 0.0210482 0.0299607 0.0405132 0.045703 0.0455177 0.0408225 0.0488187 0.0764215 0.0361724 0.030668 0.0350999 0.0154754 0.00818157 0.00423338 0.00522308
 0 7.28e-05 0.000215 0 0.003781 0.0226601 0.0103325 0.0204915 0.0295128 0.0109657 0.0602413 0.0385785 0.0585229 0.102592 0.037422 0.0105663 0.0867192 0.0355446 0.0206449 0.022519 0 0.000164 0.000427 0 0.0122751 0.0169848 0.0115113 0.0313045 0.0345372 0.0279126 0.0617867 0.0234985 0.0279986 0.0754646 0.024218 0.0125495 0.0336145 0.0184564 0.00688272 0.0090322
 0 0 0.00125422 0.00659316 0.0130989 0.0135326 0.0228513 0.0104814 0.0308158 0.0371413 0.0289281 0.0386418 0.0338627 0.0474002 0.081597 0.0395154 0.0421936 0.0511708 0.0229123 0.0344021 0 0 0.00325252 0.012601 0.0356387 0.0245544 0.041034 0.0190598 0.0346066 0.0668745 0.0290042 0.0332357 0.0198544 0.0299255 0.0276367 0.0202131 0.00980755 0.0232557 0.00685552 0.00619743
 0 0 0 0.00308052 0.0113551 0.0291354 0.02339 0.0238404 0.0262872 0.044121 0.0354648 0.0325447 0.039473 0.0249803 0.0396793 0.09936 0.0313204 0.0150664 0.0528607 0.0470381 0 0 0 0.00574751 0.0218888 0.0287167 0.0276474 0.0354346 0.0291809 0.0254478 0.0127907 0.0204775 0.0347435 0.0141717 0.033811 0.0570115 0.0139167 0.0186476 0.0245765 0.016792
 0 0 0 0.00263682 0.0101986 0.0321789 0.0421337 0.0238833 0.0495187 0.0307613 0.0661234 0.0295255 0.0286064 0.016794 0.0246223 0.023008 0.0539408 0.0279493 0.0344176 0.100835 0 0 0 0.00461994 0.0336679 0.0460035 0.0399008 0.0431123 0.0353417 0.0246989 0.0266231 0.0170509 0.0240779 0.0165157 0.00799849 0.0230413 0.00961717 0.00752767 0.0128429 0.0302257
 0 0 0 0.00451749 0.00648089 0.0268308 0.0447131 0.0582543 0.0381895 0.0719105 0.0334626 0.0433509 0.0340629 0.017669 0.0340024 0.0355319 0.0440666 0.0460406 0.01889 0.0748256 0 0 0 0.00663663 0.00922026 0.0186331 0.042699 0.0422833 0.0381042 0.0506754 0.00904533 0.0158392 0.0181749 0.0193911 0.0141467 0.00909395 0.0242602 0.0169685 0.00504477 0.0269845
 0 0 0 0.00167449 0.00176266 0.008821 0.0396563 0.0612183 0.0657038 0.0329329 0.0476318 0.0315245 0.0441703 0.0262342 0.0250415 0.0257493 0.0229412 0.0181938 0.0651413 0.0544293 0 0 0 0.0034061 0.00460574 0.0264823 0.0626078 0.0701673 0.0744405 0.0286104 0.0411087 0.0194612 0.00516235 0.01177 0.0125789 0.0168108 0.00907349 0.0113265 0.0187039 0.0108573
 0 0 0 0 0.00188782 0.0165177 0.0239157 0.0452039 0.0761821 0.0438713 0.0311886 0.0674157 0.0372316 0.0232009 0.0194282 0.0135325 0.017319 0.0221507 0.0254276 0.0877881 0 0 0 0 0.00781756 0.0147968 0.0513987 0.0704539 0.0912365 0.0746028 0.0261189 0.0271923 0.00498878 0.0253922 0.00221157 0.00549852 0.00906505 0.00523436 0.0123431 0.0193875
 0 0 0 0 0 0.00452918 0.0109357 0.062016 0.0756151 0.0821849 0.0924461 0.0310225 0.0175604 0.0133619 0.0235181 0.0136007 0.0245804 0.00445089 0.0137636 0.0882926 0 0 0 0 0 0.0163589 0.0202814 0.0640944 0.100413 0.0730298 0.0525568 0.0202856 0.0291133 0.0111928 0.0107168 0.00994988 0.00388141 0.00440829 0.000471 0.0253685
 0 0 0 0 0.000693 0.00401201 0.0316752 0.0404373 0.057916 0.0845993 0.132802 0.0518881 0.0286819 0.0308019 0.0195702 0.0155693 0.0154742 0.00976796 0.0104965 0.0714661 0 0 0 0 0.0017324 0.00757985 0.0366772 0.0439409 0.047259 0.0987115 0.0768295 0.0190002 0.0125269 0.00958811 0.00902428 0.00553437 0.0119077 0.00356136 0.00249775 0.00777805
 0 0 0 0 0 0.00286952 0.0113482 0.0494093 0.0669306 0.0708825 0.105821 0.0596286 0.039031 0.0279558 0.00910352 0.0144125 0.0138399 0.0111468 0.0051901 0.0415487 0 0 0 0 0 0.00170492 0.0122317 0.0899092 0.0552496 0.068968 0.061884 0.0704679 0.0352565 0.0163875 0.00746252 0.00288807 0.0151354 0.00548094 0.00256591 0.0252896
 0 0 0 0.000551 0 0 0.00290333 0.00762851 0.0436717 0.0523238 0.0965755 0.109009 0.0922646 0.0340254 0.00526155 0.0221033 0.00378152 0.00699873 0.00860188 0.0368033 0 0 0 0.00318336 0 0 0.000187316 0.0105398 0.0812052 0.0609877 0.0530471 0.115558 0.0501708 0.0423417 0.00834534 0.0155742 0.00590167 0.0111053 0.00894195 0.0104076
 0 0 0 0 0 0.000399 0.00403814 0.000397 0.0207043 0.0790028 0.05046 0.0745372 0.0967354 0.0753116 0.0348239 0.00686263 0.00731169 0.00506647 0.0090802 0.0221579 0 0 0 0 0 0.0021252 0.0078206 0.00386084 0.0232888 0.118689 0.0755176 0.0792883 0.0867693 0.05184 0.020317 0.0115032 0.00441063 0.0045329 0.00934204 0.0138067
 0 0.000195 0.000186 0.00144119 0.000833 0.00678269 0.00406213 0.000571 0.000808 0.0263608 0.102871 0.093403 0.0905645 0.0968579 0.0617645 0.0210094 0.00382461 0.012515 0.00482685 0.0284221 0 0.000552 0.000528 0.00303851 0.0070541 0.00969079 0.0046891 0.00706657 0.0117036 0.0315904 0.0803203 0.0733561 0.0629419 0.0456503 0.0534066 0.0150019 0.00491067 0.00810143 0.00474931 0.0183495
 0 0 0.000414 0.00227608 0.00612323 0.0137572 0.00587081 0.00498726 0.00632086 0.00325185 0.0195651 0.137378 0.0902611 0.082961 0.0940793 0.0597596 0.0207779 0.00772308 0.00386187 0.0215312 0 0 0.00186839 0.00409182 0.00736789 0.0173277 0.0069637 0.0140564 0.0122502 0.00964586 0.0254867 0.0745052 0.0737206 0.0700231 0.032283 0.0349952 0.0229175 0.000424 0.00199886 0.00917376
 0 0 0.000353 0.00368358 0.00716381 0.0160626 0.0189653 0.0174026 0.00744372 0.00757606 0.00861173 0.0406494 0.129108 0.102479 0.066604 0.0640214 0.0391858 0.0314376 0.00473193 0.0257655 0 0 0.00105892 0.0105287 0.00869364 0.0242475 0.0179806 0.0129853 0.0104419 0.00689575 0.00674184 0.0331581 0.0872237 0.0643715 0.0459255 0.0347641 0.0243584 0.010617 0.000499 0.00826328
 0 0.000124 0.00459253 0.0125323 0.0158156 0.00808952 0.0177184 0.0141634 0.00990533 0.00888111 0.018053 0.0154707 0.0440374 0.128823 0.0961617 0.0677563 0.0859861 0.0270786 0.0093681 0.0225219 0 0.000618 0.00998853 0.0299155 0.0408329 0.0226628 0.0238802 0.0220285 0.0134593 0.00633589 0.0147101 0.0137662 0.0268123 0.063757 0.0393858 0.033215 0.00961876 0.0117435 0.00620294 0.00398814
 0 0.000549 0.00382923 0.0291164 0.0527236 0.0669551 0.0153381 0.0274319 0.0261289 0.013586 0.00986461 0.0117296 0.0144613 0.0399401 0.108721 0.061701 0.0650769 0.0462056 0.0361548 0.0252474 0 0.000579 0.00423161 0.0388275 0.0660804 0.048541 0.00973782 0.0190513 0.0179689 0.0147933 0.00923585 0.00404359 0.00497047 0.00468572 0.0397401 0.0274492 0.0148594 0.0100595 0.00851554 0.0018698
 0 0.000144 0.00212077 0.0157319 0.0414503 0.105196 0.0907019 0.0117836 0.0216326 0.0146597 0.0131592 0.00471263 0.0125386 0.0157793 0.0501276 0.0733512 0.0381738 0.0318543 0.0232594 0.026266 0 0.000685 0.0033459 0.0196868 0.0711041 0.108571 0.0622087 0.00708523 0.00984392 0.00944758 0.0134127 0.00528337 0.00225968 0.00647243 0.0145368 0.0260611 0.014452 0.0157422 0.00879653 0.00836188
 0 0 0.00112142 0.00843956 0.0344585 0.0958166 0.0908812 0.0815116 0.018504 0.0114111 0.0115918 0.016821 0.00939728 0.0120998 0.00293386 0.0242679 0.0449504 0.02521 0.0177052 0.0278895 0 0 0.00178433 0.0110374 0.057596 0.117882 0.115868 0.0428473 0.0144656 0.00815266 0.0194663 0.0103184 0.00997803 0.00832132 0.00631124 0.00981305 0.0162416 0.00516171 0.00470068 0.00504418
 0 0 0 0.00102229 0.0376245 0.0616493 0.123878 0.128994 0.0757886 0.0164047 0.0144885 0.0120371 0.00693996 0.00470484 0.00809459 0.0186998 0.0308589 0.0280103 0.0209732 0.0284029 0 0 0 0.00260054 0.0344649 0.0745121 0.0904367 0.0830502 0.0321447 0.00933642 0.0109622 0.00776543 0.000444 0.00159017 0.0028173 0.0010455 0.00675527 0.011288 0.00410152 0.00811447
#wt_fsh_in
 0.009 0.015 0.03 0.059 0.112 0.183 0.267 0.363 0.439 0.489 0.577 0.57 0.612 0.667 0.714 0.79 0.862 0.939 0.889 0.815 0.007 0.011 0.013 0.026 0.055 0.1 0.153 0.213 0.256 0.259 0.311 0.301 0.314 0.353 0.367 0.33 0.455 0.342 0.366 0.36
 0.009 0.015 0.03 0.059 0.112 0.183 0.267 0.363 0.439 0.489 0.577 0.57 0.612 0.667 0.714 0.79 0.862 0.939 0.889 0.815 0.007 0.011 0.013 0.026 0.055 0.1 0.153 0.213 0.256 0.259 0.311 0.301 0.314 0.353 0.367 0.33 0.455 0.342 0.366 0.36
 0.009 0.015 0.03 0.059 0.112 0.183 0.267 0.363 0.439 0.489 0.577 0.57 0.612 0.667 0.714 0.79 0.862 0.939 0.889 0.815 0.007 0.011 0.013 0.026 0.055 0.1 0.153 0.213 0.256 0.259 0.311 0.301 0.314 0.353 0.367 0.33 0.455 0.342 0.366 0.36
 0.009 0.015 0.03 0.059 0.112 0.183 0.267 0.363 0.439 0.489 0.577 0.57 0.612 0.667 0.714 0.79 0.862 0.939 0.889 0.815 0.007 0.011 0.013 0.026 0.055 0.1 0.153 0.213 0.256 0.259 0.311 0.301 0.314 0.353 0.367 0.33 0.455 0.342 0.366 0.36
 0.009 0.015 0.03 0.059 0.112 0.183 0.267 0.363 0.439 0.489 0.577 0.57 0.612 0.667 0.714 0.79 0.862 0.939 0.889 0.815 0.007 0.011 0.013 0.026 0.055 0.1 0.153 0.213 0.256 0.259 0.311 0.301 0.314 0.353 0.367 0.33 0.455 0.342 0.366 0.36
 0.009 0.015 0.03 0.059 0.112 0.183 0.267 0.363 0.439 0.489 0.577 0.57 0.612 0.667 0.714 0.79 0.862 0.939 0.889 0.815 0.007 0.011 0.013 0.026 0.055 0.1 0.153 0.213 0.256 0.259 0.311 0.301 0.314 0.353 0.367 0.33 0.455 0.342 0.366 0.36
 0.009 0.015 0.03 0.059 0.112 0.183 0.267 0.363 0.439 0.489 0.577 0.57 0.612 0.667 0.714 0.79 0.862 0.939 0.889 0.815 0.007 0.011 0.013 0.026 0.055 0.1 0.153 0.213 0.256 0.259 0.311 0.301 0.314 0.353 0.367 0.33 0.455 0.342 0.366 0.36
 0.009 0.015 0.03 0.059 0.112 0.183 0.267 0.363 0.439 0.489 0.577 0.57 0.612 0.667 0.714 0.79 0.862 0.939 0.889 0.815 0.007 0.011 0.013 0.026 0.055 0.1 0.153 0.213 0.256 0.259 0.311 0.301 0.314 0.353 0.367 0.33 0.455 0.342 0.366 0.36
 0.009 0.015 0.03 0.059 0.112 0.183 0.267 0.363 0.439 0.489 0.577 0.57 0.612 0.667 0.714 0.79 0.862 0.939 0.889 0.815 0.007 0.011 0.013 0.026 0.055 0.1 0.153 0.213 0.256 0.259 0.311 0.301 0.314 0.353 0.367 0.33 0.455 0.342 0.366 0.36
 0.009 0.015 0.03 0.059 0.112 0.183 0.267 0.363 0.439 0.489 0.577 0.57 0.612 0.667 0.714 0.79 0.862 0.939 0.889 0.815 0.007 0.011 0.013 0.026 0.055 0.1 0.153 0.213 0.256 0.259 0.311 0.301 0.314 0.353 0.367 0.33 0.455 0.342 0.366 0.36
 0.009 0.015 0.03 0.059 0.112 0.183 0.267 0.363 0.439 0.489 0.577 0.57 0.612 0.667 0.714 0.79 0.862 0.939 0.889 0.815 0.007 0.011 0.013 0.026 0.055 0.1 0.153 0.213 0.256 0.259 0.311 0.301 0.314 0.353 0.367 0.33 0.455 0.342 0.366 0.36
 0.009 0.015 0.03 0.059 0.112 0.183 0.267 0.363 0.439 0.489 0.577 0.57 0.612 0.667 0.714 0.79 0.862 0.939 0.889 0.815 0.007 0.011 0.013 0.026 0.055 0.1 0.153 0.213 0.256 0.259 0.311 0.301 0.314 0.353 0.367 0.33 0.455 0.342 0.366 0.36
 0.009 0.015 0.03 0.059 0.112 0.183 0.267 0.363 0.439 0.489 0.577 0.57 0.612 0.667 0.714 0.79 0.862 0.939 0.889 0.815 0.007 0.011 0.013 0.026 0.055 0.1 0.153 0.213 0.256 0.259 0.311 0.301 0.314 0.353 0.367 0.33 0.455 0.342 0.366 0.36
 0.009 0.015 0.03 0.059 0.112 0.183 0.267 0.363 0.439 0.489 0.577 0.57 0.612 0.667 0.714 0.79 0.862 0.939 0.889 0.815 0.007 0.011 0.013 0.026 0.055 0.1 0.153 0.213 0.256 0.259 0.311 0.301 0.314 0.353 0.367 0.33 0.455 0.342 0.366 0.36
 0.009 0.015 0.03 0.059 0.112 0.183 0.267 0.363 0.439 0.489 0.577 0.57 0.612 0.667 0.714 0.79 0.862 0.939 0.889 0.815 0.007 0.011 0.013 0.026 0.055 0.1 0.153 0.213 0.256 0.259 0.311 0.301 0.314 0.353 0.367 0.33 0.455 0.342 0.366 0.36
 0.009 0.015 0.03 0.059 0.112 0.183 0.267 0.363 0.439 0.489 0.577 0.57 0.612 0.667 0.714 0.79 0.862 0.939 0.889 0.815 0.007 0.011 0.013 0.026 0.055 0.1 0.153 0.213 0.256 0.259 0.311 0.301 0.314 0.353 0.367 0.33 0.455 0.342 0.366 0.36
 0 0.01 0.068184 0.111155 0.199842 0.197571 0.255888 0.358389 0.508784 0.57043 0.614501 0.739308 0.672271 0.815742 0.891775 0.849475 1.26241 1.04709 1.02164 0.961371 0 0.01 0.0555884 0.10723 0.132466 0.195336 0.209685 0.27605 0.318956 0.382225 0.382574 0.417956 0.458947 0.623295 0.413514 0.520735 0.565783 0.755291 1.01597 0.773071
 0 0 0.0717085 0.0533981 0.114849 0.188292 0.25471 0.323357 0.431442 0.545314 0.64014 0.689851 0.702631 0.710887 0.884211 0.9085 0.943431 0.884011 0.862028 1.01077 0 0 0.069124 0.0711712 0.108911 0.15233 0.190846 0.222634 0.273522 0.312291 0.354804 0.458456 0.497426 0.435412 0.524648 0.9085 0.411584 0.883594 0.861444 1.02036
 0 0 0 0 0 0.2 0.286503 0.327403 0.411197 0.525021 0.595675 0.689484 0.724861 0.745679 0.856665 0.918254 0.884922 0.865881 0.967357 0.847765 0 0 0 0 0 0.2 0.284986 0.305223 0.335753 0.355302 0.47331 0.523012 0.527328 0.494034 0.868266 0.933922 0.595538 0.51727 0.628796 0.844288
 0 0 0 0.0656042 0 0.101067 0.162696 0.257834 0.370826 0.469082 0.569156 0.598854 0.675997 0.673426 0.917124 0.841602 0.956176 1.5 0.993477 0.914616 0 0 0 0.0696282 0 0.117637 0.142911 0.221571 0.228111 0.288241 0.2776 0.36585 0.409601 0.456551 0.648878 0.514975 1.01061 1.5 0.605293 0.977787
 0 0.0025 0.0356871 0.060398 0.0819627 0.172612 0.240414 0.320089 0.431557 0.533365 0.610987 0.681317 0.686664 0.738172 0.879201 0.877524 1.01098 1.07957 0.964871 0.928166 0 0.0025 0.0315734 0.0622927 0.0603392 0.16549 0.204243 0.254309 0.292336 0.339647 0.382178 0.453264 0.478313 0.51718 0.61772 0.728391 0.653194 0.911551 0.766851 0.911769
 0 0.000625 0.0270666 0.0474066 0.0510609 0.166129 0.237129 0.308368 0.41071 0.52348 0.60768 0.666461 0.689436 0.717158 0.876 0.881861 0.94798 1.08676 0.95029 0.919402 0 0.000625 0.0256213 0.0512184 0.0427775 0.159124 0.203689 0.248019 0.283083 0.326546 0.375496 0.45918 0.480853 0.491139 0.655053 0.775961 0.673878 0.950754 0.704629 0.939711
 0 0.00078125 0.0156884 0.0448517 0.0332559 0.160089 0.232744 0.303563 0.403268 0.517241 0.598257 0.660576 0.689038 0.720668 0.871202 0.87572 0.949462 1.13679 0.973272 0.901194 0 0.00078125 0.0142987 0.0453243 0.0257792 0.160353 0.207065 0.254598 0.285541 0.328722 0.37785 0.456573 0.472586 0.503156 0.686754 0.743344 0.734327 0.966706 0.666201 0.923921
 0 0 0 0 0.12011 0.168451 0.177333 0.228831 0.274939 0.376006 0.414245 0.489537 0.538851 0.588146 0.557026 0.709692 0.746794 0.794418 0.880227 0.888833 0 0 0 0 0.122285 0.166912 0.161604 0.198384 0.222372 0.231256 0.242513 0.266238 0.312984 0.339051 0.337602 0.39029 0.443217 0.419016 0.556808 0.816716
 0 0 0 0 0.292165 0.174417 0.264877 0.286704 0.257987 0.345043 0.424317 0.443882 0.475969 0.513377 0.557237 0.628815 0.6583 0.584373 0.849607 0.807498 0 0 0 0 0 0.131241 0.1965 0.220503 0.18733 0.200382 0.229921 0.247827 0.256259 0.291708 0.319973 0.393195 0.682584 0.694441 0.84992 0.810841
 0 0 0 0 0.157255 0.178814 0.244421 0.240282 0.234884 0.287593 0.34282 0.414843 0.423241 0.4489 0.523873 0.506778 0.5721 0.667599 0.59254 0.69146 0 0 0 0 0.139285 0.133392 0.160731 0.193297 0.217089 0.223056 0.235447 0.275444 0.307174 0.321594 0.321232 0.409589 0.530219 0.445872 0.472319 0.526675
 0 0 0 0 0.175337 0.30881 0.253165 0.274141 0.43027 0.360511 0.406244 0.413643 0.505669 0.522917 0.543286 0.557444 0.575421 0.639488 0.692431 0.807878 0 0 0 0 0.189694 0.290639 0.273363 0.228004 0.27285 0.271506 0.268402 0.306897 0.315843 0.348526 0.34471 0.437507 0.567398 0.665119 0.719645 0.961904
 0 0 0 0.145567 0.170561 0.206729 0.22701 0.308716 0.35144 0.32569 0.411835 0.420548 0.431893 0.503381 0.533793 0.531617 0.579663 0.598149 0.808626 0.860685 0 0 0 0.145567 0.201404 0.169385 0.271148 0.273033 0.258529 0.303505 0.266627 0.290569 0.322803 0.374532 0.314665 0.32517 0.408022 0.604785 0.789451 0.797041
 0 0.01 0.02 0.13062 0.221857 0.189593 0.329819 0.415782 0.344756 0.42966 0.4562 0.464869 0.46496 0.53793 0.541423 0.593843 0.566026 0.635177 0.620871 0.711529 0 0.01 0.02 0.143461 0.225002 0.225728 0.23405 0.283129 0.274704 0.295933 0.281291 0.303022 0.304538 0.301243 0.317597 0.333551 0.446992 0.444541 0.581059 0.560633
 0 0.01 0.04 0 0.182875 0.214013 0.316138 0.388271 0.407606 0.419412 0.428928 0.493453 0.489298 0.520837 0.527089 0.563862 0.636746 0.59774 0.592611 0.683416 0 0.01 0.04 0 0.184543 0.17361 0.263569 0.285326 0.274202 0.29961 0.308292 0.277692 0.321513 0.332465 0.30144 0.291441 0.39084 0.411068 0.427564 0.470265
 0 0 0.0585375 0.123854 0.166019 0.289252 0.263414 0.361563 0.411523 0.446604 0.442595 0.521542 0.498229 0.502944 0.552659 0.515377 0.571891 0.594382 0.577068 0.647887 0 0 0.057575 0.0917576 0.178968 0.199349 0.238811 0.276192 0.26592 0.282335 0.300781 0.293456 0.296426 0.325131 0.354936 0.351328 0.422495 0.375277 0.386868 0.505492
 0 0 0 0.0810142 0.148985 0.241939 0.273726 0.325116 0.358829 0.405101 0.444968 0.466453 0.529889 0.540006 0.482571 0.522057 0.530867 0.623294 0.586581 0.642628 0 0 0 0.0849455 0.138644 0.222357 0.237653 0.256878 0.282681 0.298284 0.311301 0.308564 0.327127 0.345117 0.320495 0.323447 0.316925 0.395218 0.375013 0.41502
 0 0 0 0.103564 0.142195 0.171071 0.284658 0.365758 0.374802 0.408853 0.459089 0.528538 0.5248 0.464237 0.524596 0.544301 0.54927 0.597171 0.594021 0.609524 0 0 0 0.0884884 0.157259 0.192017 0.247265 0.250845 0.254721 0.286641 0.350568 0.317053 0.311036 0.327066 0.386978 0.397229 0.428293 0.460538 0.428193 0.400782
 0 0 0 0.138587 0.159642 0.169143 0.224259 0.314713 0.366632 0.392401 0.467056 0.50275 0.496707 0.550359 0.565597 0.573873 0.572756 0.594698 0.550571 0.636589 0 0 0 0.145286 0.0995406 0.140246 0.192009 0.231831 0.263409 0.265671 0.361199 0.320528 0.335443 0.296506 0.366557 0.381814 0.365083 0.411189 0.463999 0.355032
 0 0 0 0.106959 0.0955933 0.142775 0.204574 0.293358 0.344501 0.4184 0.456744 0.485528 0.541855 0.51192 0.546516 0.610649 0.611351 0.558129 0.61102 0.644559 0 0 0 0.109351 0.107971 0.179453 0.200803 0.238237 0.277111 0.281494 0.306099 0.312403 0.371562 0.329708 0.335171 0.412026 0.352784 0.341286 0.35582 0.472854
 0 0 0 0 0.102642 0.212238 0.216503 0.28225 0.328287 0.463697 0.451286 0.480775 0.524328 0.546202 0.599239 0.65893 0.637446 0.634579 0.632351 0.650397 0 0 0 0 0.135652 0.155058 0.204775 0.250514 0.267012 0.32093 0.283649 0.326474 0.381933 0.359749 0.487044 0.371272 0.368423 0.478482 0.442213 0.403057
 0 0 0 0 0 0.159036 0.194549 0.275112 0.33161 0.395625 0.46286 0.532979 0.595165 0.6003 0.621701 0.681849 0.647007 0.58187 0.684952 0.64263 0 0 0 0 0 0.177831 0.19216 0.248744 0.268271 0.304236 0.303703 0.376027 0.337289 0.333843 0.386312 0.409535 0.508066 0.338818 0.791459 0.389227
 0 0 0 0 0.130092 0.182247 0.236716 0.248162 0.346803 0.384334 0.432502 0.519647 0.463862 0.537 0.584125 0.617776 0.644738 0.590018 0.607652 0.65424 0 0 0 0 0.110665 0.225007 0.199922 0.230347 0.259357 0.285155 0.302929 0.348711 0.30305 0.36445 0.322814 0.410022 0.370921 0.413668 0.44353 0.548709
 0 0 0 0 0 0.181051 0.2098 0.28238 0.305891 0.339425 0.445625 0.487124 0.498731 0.569861 0.58236 0.701252 0.590684 0.6554 0.676619 0.648732 0 0 0 0 0 0.109621 0.2054 0.230931 0.256486 0.30049 0.293545 0.322412 0.371502 0.386922 0.353741 0.549961 0.378345 0.434611 0.51544 0.428337
 0 0 0 0.119094 0 0 0.604719 0.334016 0.371563 0.439732 0.47597 0.52066 0.552812 0.561914 0.695164 0.612314 0.675687 0.723547 0.723395 0.707288 0 0 0 0.129679 0 0 0.546044 0.238248 0.256815 0.265927 0.32458 0.297432 0.323026 0.362382 0.380774 0.329949 0.343136 0.362778 0.39069 0.433827
 0 0 0 0 0 0.181662 0.346953 0.205707 0.427882 0.437436 0.458021 0.508458 0.528747 0.568357 0.618168 0.642524 0.63675 0.581132 0.648222 0.72204 0 0 0 0 0 0.181662 0.284023 0.206803 0.310969 0.280798 0.279247 0.301667 0.319537 0.350581 0.397736 0.345337 0.451924 0.351272 0.369582 0.460405
 0 0.06 0.05 0.142911 0.281015 0.290649 0.263025 0.276783 0.287232 0.452349 0.467408 0.495494 0.514493 0.566222 0.579842 0.655429 0.698321 0.66821 0.593401 0.66446 0 0.06 0.05 0.128441 0.228646 0.200277 0.190956 0.288138 0.318037 0.27658 0.300919 0.304366 0.327791 0.375857 0.361741 0.407662 0.440502 0.399094 0.411995 0.389725
 0 0 0.08 0.237485 0.257759 0.300786 0.376494 0.303109 0.376596 0.386078 0.441273 0.491221 0.505806 0.533365 0.544127 0.592819 0.653559 0.580237 0.717366 0.738557 0 0 0.08 0.146716 0.214195 0.234377 0.311299 0.286136 0.281076 0.296087 0.300124 0.331082 0.344045 0.36707 0.351907 0.370767 0.392173 0.706881 0.665254 0.491871
 0 0 0.055476 0.150648 0.230818 0.27548 0.334177 0.440384 0.413622 0.412406 0.476368 0.495037 0.518066 0.535111 0.546061 0.575578 0.578216 0.613207 0.653018 0.731608 0 0 0.120831 0.13767 0.156466 0.245125 0.252036 0.287459 0.274986 0.365077 0.437344 0.304218 0.331971 0.351686 0.386086 0.411323 0.386777 0.473751 0.641552 0.602202
 0 0.01 0.0413515 0.147999 0.211111 0.247551 0.318822 0.413087 0.405509 0.541166 0.56781 0.568966 0.530465 0.526119 0.566456 0.556673 0.620452 0.643861 0.673459 0.717072 0 0.01 0.0434861 0.143349 0.200623 0.280093 0.289416 0.313453 0.338394 0.36515 0.331046 0.45422 0.285146 0.314777 0.393427 0.391028 0.494275 0.367118 0.530584 0.628484
 0 0.04 0.0719618 0.135584 0.215164 0.260788 0.341095 0.36918 0.470328 0.506426 0.523931 0.533458 0.525147 0.578718 0.593195 0.600636 0.608513 0.602061 0.596877 0.754915 0 0.04 0.057348 0.13741 0.182052 0.239097 0.308123 0.305885 0.291305 0.333674 0.337588 0.434044 0.415351 0.470378 0.378153 0.350875 0.47463 0.480586 0.495278 0.766753
 0 0.01 0.0706236 0.118561 0.163346 0.243087 0.309023 0.383764 0.450224 0.527308 0.546952 0.566763 0.573164 0.547621 0.567397 0.599998 0.61132 0.645525 0.603736 0.650066 0 0.01 0.07066 0.115301 0.182033 0.240199 0.281188 0.318266 0.39649 0.372978 0.418348 0.411693 0.310927 0.382961 0.415763 0.399241 0.413194 0.40571 0.448582 0.517033
 0 0 0.0512347 0.155196 0.178293 0.280514 0.349738 0.415758 0.493102 0.575603 0.478845 0.622062 0.541342 0.626108 0.578131 0.611714 0.663172 0.652262 0.651271 0.716581 0 0 0.050332 0.146999 0.184374 0.254634 0.302546 0.347065 0.353316 0.408861 0.357161 0.40922 0.397802 0.418618 0.351153 0.473289 0.442352 0.488399 0.647047 0.626764
 0 0 0 0.0786325 0.211681 0.239698 0.321377 0.412035 0.488813 0.533368 0.591705 0.596838 0.665519 0.606914 0.65183 0.703554 0.691348 0.645551 0.704359 0.703002 0 0 0 0.094499 0.190653 0.215385 0.287505 0.323815 0.34187 0.384306 0.419457 0.398743 0.572259 0.459171 0.445695 0.64399 0.524039 0.454645 0.50977 0.471339
 0 0 0 0.0786325 0.211681 0.239698 0.321377 0.412035 0.488813 0.533368 0.591705 0.596838 0.665519 0.606914 0.65183 0.703554 0.691348 0.645551 0.704359 0.703002 0 0 0 0.094499 0.190653 0.215385 0.287505 0.323815 0.34187 0.384306 0.419457 0.398743 0.572259 0.459171 0.445695 0.64399 0.524039 0.454645 0.50977 0.471339
#nsmpl_fsh_c

#nsmpl_fsh_s
 566.108 566.108 566.108 566.108 566.108 566.108 566.108 566.108 566.108 566.108 566.108 566.108 566.108 566.108 566.108 566.108 566.108 566.108 566.108 566.108 566.108 566.108 566.108 566.108 566.108 566.108 566.108 566.108 566.108 566.108 566.108 566.108 566.108 566.108 566.108 566.108 566.108 566.108 566.108 566.108 566.108 566.108
#nsrv
1
#nyrs_srv
 42
#yrs_srv
 1982 1983 1984 1985 1986 1987 1988 1989 1990 1991 1992 1993 1994 1995 1996 1997 1998 1999 2000 2001 2002 2003 2004 2005 2006 2007 2008 2009 2010 2011 2012 2013 2014 2015 2016 2017 2018 2019 2021 2022 2023 2024
#mo_srv
 7
#obs_srv
 583.193 719.532 805.366 697.942 1027.97 1278.25 1489.24 1330.78 1391.4 1595.86 1558.25 2009.05 2744.55 2195.49 2074.1 2621.14 2180.74 1628.59 2088.35 2350.39 1890.99 2121.78 2207.6 2126.73 2230.54 2047.35 2045.18 1549.17 2081.6 1992.82 1933.16 1765.99 1871.41 1422.21 1470.89 1339.34 1055.8 976.868 1033.33 1289.23 1379.88 1439.17
#obs_se_srv
 74.7567 82.5514 82.5042 59.2871 84.2444 91.8296 102.323 91.6211 89.5696 96.7065 113.049 122.974 224.871 131.587 122.574 190.968 124.156 162.923 320.292 258.821 171.315 196.909 184.928 151.179 151.005 280.388 302.061 159.918 204.59 165.996 186.945 137.629 130.293 131.49 131.952 100.35 115.586 92.2363 86.756 111.567 137.613 121.544
#nyrs_srv_age_c
 0
#nyrs_srv_age_s
 44
#yrs_srv_age_c

#yrs_srv_age_s
 1979 1980 1981 1982 1983 1984 1985 1986 1987 1988 1989 1990 1991 1992 1993 1994 1995 1996 1997 1998 1999 2000 2001 2002 2003 2004 2005 2006 2007 2008 2009 2010 2011 2012 2013 2014 2015 2016 2017 2018 2019 2021 2022 2023
#nsmpl_srv_c

#nsmpl_srv_s
 9.4625 9.4625 9.4625 9.4625 16.8605 20.9896 26.1509 22.3659 13.4196 15.6561 37.3339 39.7425 33.0327 23.3982 24.2584 22.8821 24.2584 23.5703 14.7959 17.5487 16.5164 16.6884 17.5487 19.0971 23.0541 16.8605 20.9896 29.5919 25.6348 20.1293 36.3017 29.0756 20.6455 14.9679 18.925 10.4948 14.7959 19.269 24.7746 28.9037 28.3875 37.8501 37.678 49.033
#oac_srv_c

#oac_srv_s
 0 0 0.0136616 0.0516972 0.0368 0.0828869 0.034087 0.0294129 0.0581352 0.0429907 0.0128967 0.0155924 0.0168259 0.0132449 0.00832478 0.00405219 0.000167022 0 0.000133788 0 0 0 0.0251897 0.0902536 0.0742152 0.100657 0.0619607 0.0452871 0.0755302 0.054815 0.0203411 0.018297 0.00410428 0.00817312 0 0.000266648 0 0 0 0
 0 0 0.0467893 0.0681502 0.0836813 0.0467646 0.0438567 0.023393 0.0197666 0.0668525 0.0496389 0.0191993 0.0147037 0.0092504 0.00724254 0.00341622 0 0 0 0 0 0.0147965 0.0815959 0.0343737 0.124348 0.0565548 0.0293991 0.0240078 0.0345528 0.0571921 0.0197381 0.0109692 0.00283703 0.00637409 0.000555428 0 0 0 0 0
 7.72e-05 0.0293619 0.0466587 0.104354 0.025706 0.115279 0.0277252 0.0147906 0.0121274 0.0183811 0.0381664 0.0161466 0.0133329 0.00518105 0.00816049 0.00380389 0.000950219 0.000629711 0 0 0 0.0613187 0.0524504 0.0878812 0.0395879 0.155023 0.0209604 0.0117543 0.0230272 0.035565 0.0174147 0.0050562 0.00289932 0.00140226 0.00355883 0.00096807 0.000299842 0 0 0
 0 0.00319411 0.0429285 0.0529354 0.0464466 0.12379 0.0885163 0.0499463 0.0153738 0.0182541 0.0151564 0.0116399 0.0116411 0.00594935 0.00199339 0.00276938 0.00245292 0 0.000468107 0 0 0.0185155 0.034164 0.113758 0.12385 0.0452921 0.0839509 0.0298165 0.0116818 0.00571272 0.00529574 0.0238616 0.00849534 0.00215 0 0 0 0 0 0
 0 0.00109255 0.0784711 0.0658743 0.0792045 0.040172 0.052867 0.0535345 0.023924 0.0235207 0.0104433 0.0135787 0.0209187 0.0100724 0.00615285 0.00652159 0.00138468 0.000589191 0.000242025 0 0 0.0171369 0.0948457 0.0925133 0.100046 0.0489952 0.0378562 0.0491586 0.023017 0.0160428 0.00530171 0.00764113 0.00860531 0.0050898 0.0045405 0.000646468 0 0 0 0
 0 0.0107688 0.0587552 0.0910226 0.0692987 0.0479506 0.0508935 0.0354817 0.0321746 0.0230954 0.00633978 0.00907177 0.0136081 0.00374697 0.00509174 0.00349362 0.000565238 0 0.000565238 0 0 0.0168005 0.0545594 0.167378 0.0847824 0.0357681 0.0821225 0.0227977 0.0412075 0.00576862 0.00570136 0.0042929 0.00138703 0.00522332 0.00648335 0.00173453 0.00138703 0 0 0.000681857
 0.00122328 0.0191174 0.0370372 0.119311 0.119657 0.0499063 0.0444512 0.0370006 0.0169128 0.0283733 0.00656292 0.00348196 0.00148592 0.002857 0.00633372 0.00841142 0.00121171 0.000566848 0.000548541 0.00214071 0.00116738 0.0198865 0.060641 0.139127 0.129376 0.0664701 0.0277702 0.0184475 0.0149503 0.00732918 0.00140872 0 0.000114687 0.000846135 0.00383385 0.000123413 0.000706185 0.00120988 0 0
 0 0 0.027742 0.0705139 0.116213 0.0935836 0.0512382 0.0259469 0.0305925 0.0098498 0.0214257 0.00390047 0.00369759 0.00339245 0.00097482 0.0035406 0.00314441 0.000127485 0 0.00226548 0 0 0.0527913 0.131706 0.125659 0.120512 0.0431765 0.0243672 0.0185786 0 0.0150595 0 0 0 0 0 0 0 0 0
 0 0 0.0338215 0.0949341 0.0629643 0.0813124 0.0986489 0.0232926 0.0154884 0.0166818 0.0126723 0.0238018 0.00522907 0.00145787 0.00179331 0.000644396 0.00162667 0.00075496 0.000421669 0.00305899 0 0.00294485 0.091595 0.0830617 0.126965 0.0677764 0.0723952 0.0218408 0.0286478 0.0121532 0 0.0124888 0 0 0 0 0.00152686 0 0 0
 0 0.013122 0.0788642 0.0717908 0.145837 0.0402093 0.0491927 0.0424982 0.0249164 0.00784854 0.0155824 0.00540778 0.00871088 0.00633989 0 0.000813321 0.00136275 0.00510201 0.00158019 0.00174778 0 0.0230054 0.0560951 0.118051 0.0946875 0.0778417 0.0624704 0.0188915 0.0126822 0.000520714 0.00486949 0.00557116 0 0.000979528 0 0 0 0.0020959 0.00131271 0
 0 0.0086027 0.0576508 0.0662056 0.0703948 0.0974993 0.0517435 0.050885 0.0367618 0.0115571 0.00792368 0.0112924 0.00666171 0.00688835 0.00395799 0.00144865 0.000314154 0.000314154 0.00243435 0.00167866 0 0.00838358 0.0638815 0.0820464 0.10103 0.0997265 0.0616861 0.0337327 0.0259652 0.00785209 0.00611668 0.00273942 0.00356783 0.00511092 0 0.00215373 0 0 0 0.00179282
 0 0.00124136 0.0414344 0.129593 0.0944362 0.0547002 0.0543003 0.0294161 0.0315847 0.017633 0.00966151 0.00463787 0.00445833 0.00104322 0.00245454 0.000123602 0 0.000869143 0 0.00245216 0 0.000861804 0.0672276 0.178082 0.093256 0.0487619 0.0721264 0.00813354 0.0197439 0.0173045 0.00498134 0.00178581 0.00286314 0.000949052 0.00207065 0 0 0 0 0.00181299
 0 0 0.00528771 0.120302 0.0979301 0.0797562 0.0446173 0.0470838 0.0293175 0.0201854 0.0146343 0.0126679 0.00472826 0.00506512 0.00292399 0.0014788 0 0.000381971 0.00052807 0.00284446 0 0.00120312 0.00491052 0.162154 0.127149 0.0602572 0.0560068 0.0393057 0.0177283 0.0224019 0.0118153 0.00113992 0.00404222 0.00127132 0.000881793 0 0 0 0 0
 0 0 0.0192172 0.0381311 0.125524 0.117746 0.0527845 0.0475478 0.0232674 0.0223505 0.0204859 0.0126236 0.00697233 0.00499702 0.00330555 0.00160887 0.00101965 0 0.00113561 0.000534735 0 0.000779246 0.0110173 0.0358445 0.18113 0.113117 0.0349033 0.0589202 0.0279787 0.00783534 0.00978349 0.00629106 0.00623555 0.00440206 0.00133275 0.000901575 0.000275972 0 0 0
 0 0.0011427 0.0255006 0.0487566 0.0543724 0.129164 0.0757122 0.0405398 0.0332222 0.0294352 0.00547591 0.00896478 0.00855755 0.0050131 0.00266078 0.000853019 0 0 0.000408227 0.000408227 0 0.00194697 0.0510487 0.0573076 0.0421488 0.177048 0.0929886 0.038393 0.0409126 0.0123735 0.00672956 0.00261339 0.00232408 0.00252561 0.00107072 0 0 0 0 0.000380881
 0 0 0.0157832 0.055396 0.0463148 0.0399896 0.131458 0.0940592 0.0365273 0.0114077 0.0247276 0.0131563 0.00711094 0.00783816 0.00383121 0.00260665 0.000543918 0.000754186 0.00156618 0.00105214 0 0.00283644 0.017532 0.0885177 0.0432521 0.0502212 0.167874 0.0532077 0.0342006 0.0114285 0.0186949 0.00605986 0.00381571 0.00459877 0.00202441 0.000967966 0.000322845 0 0.000322845 0
 0 0 0 0.0474587 0.0881691 0.0419868 0.024647 0.114722 0.0669641 0.0296191 0.0315084 0.0237737 0.00880349 0.0042552 0.00926427 0 0.000944861 0.000337347 0.000337347 0.000847895 0 0 0.0145343 0.0399247 0.106188 0.0444181 0.0401728 0.119983 0.0722324 0.0188675 0.0212693 0.0137658 0.00635639 0.00864732 0 0 0 0 0 0
 0 0.000613485 0.0375784 0.019771 0.0342446 0.0834572 0.0251399 0.0506564 0.0993099 0.0654629 0.0165306 0.00801968 0.0138518 0.00478001 0.00493242 0.00536012 0.00151111 0.000890409 0.00014145 0.000893442 0 0.00294758 0.0550504 0.0244468 0.0355501 0.10249 0.0295485 0.0408914 0.117384 0.0638542 0.0210775 0.0113812 0.00962056 0.00227271 0.00503329 0.00336434 0.00175699 0.000184627 0 0
 0 0 0.0171488 0.0643211 0.0119456 0.029285 0.102699 0.0395837 0.0268443 0.0889403 0.0395849 0.0190572 0.0237864 0.00935251 0.00758223 0.0106068 0.00467961 0.00244073 0 0.00117634 0 0.000279194 0.0258188 0.0604453 0.0344115 0.0466177 0.112391 0.00448135 0.0528179 0.0829078 0.0264726 0.0296174 0.0078206 0.0143566 0.00252787 0 0 0 0 0
 0 0 0.00984386 0.0308771 0.0333639 0.0296738 0.0406231 0.0751875 0.023243 0.0214182 0.113755 0.0554489 0.0195879 0.0106763 0.0144087 0.00400941 0.00226385 0.000875796 0.00127328 0.00215336 0 0 0.0152333 0.0433221 0.0545139 0.0316708 0.0556191 0.110637 0.0341032 0.0396003 0.0527324 0.0521574 0.0159182 0.00196563 0.00125723 0.00133344 0.00117396 6.32e-05 0 1.55e-05
 0 0 0.00280895 0.00509324 0.0137209 0.0375939 0.0124005 0.0447294 0.0774643 0.0520474 0.0401103 0.106794 0.0217394 0.0197544 0.00963146 0.0139703 0.00364507 0.00270907 0.0014387 0.000119178 0 0 0.00548957 0.00895244 0.0230418 0.0755489 0.00343308 0.0298855 0.126171 0.060356 0.0412044 0.086547 0.0478475 0.0127288 0.00717642 0.00385627 0.000542909 0.00144743 0 0
 0 0 0 0.0206057 0.0177608 0.0289355 0.0453351 0.0274696 0.0351918 0.0722108 0.0526327 0.0422044 0.0915585 0.0420906 0.0237435 0.0229035 0.00514436 0.000919936 0.000774553 0.0012931 0 0 0.00507602 0.0412028 0.0114076 0.0174782 0.0616414 0.016331 0.0821035 0.100846 0.0378253 0.035683 0.0367774 0.0116791 0.00548454 0.00223469 0.00215338 0.000162628 0.000635348 0.000503835
 0 0.000893856 0.0112669 0.00873468 0.0210879 0.0191324 0.0165915 0.0499036 0.0367267 0.0434279 0.08311 0.0229125 0.0351642 0.0819597 0.0394217 0.0179653 0.00647836 0.00221766 0.00158476 0.00051888 0 0.00164164 0.00980326 0.0167177 0.0534399 0.0336886 0.0266744 0.0592747 0.0226963 0.0936808 0.0557173 0.036589 0.0398695 0.03295 0.00881209 0.00395304 0.00130403 0.00383801 0.000251252 0
 0 0.00838105 0.0281469 0.010501 0.0188898 0.065588 0.017383 0.0224627 0.0338018 0.0136334 0.0495226 0.0913264 0.0271284 0.0190024 0.0699676 0.0265913 0.0152708 0.00843306 0.000725173 0.0051501 0 0.0122848 0.0373011 0.0202938 0.019732 0.0495656 0.0233349 0.0124851 0.0619317 0.0354166 0.0274021 0.0619861 0.0256016 0.0155129 0.0505169 0.012434 0.000231596 0.00206357 0 0
 0.000506719 0.0286984 0.0570632 0.0250345 0.0242635 0.0087308 0.04604 0.0243186 0.0210222 0.0237204 0.00829525 0.0192443 0.0697899 0.0131684 0.0204963 0.065308 0.0149561 0.012124 0.00583437 0.00404405 0.000791244 0.0545995 0.078375 0.0411507 0.0289779 0.0167501 0.0405449 0.0181251 0.00331617 0.00736943 0.0116811 0.0465655 0.0711136 0.0182379 0.0284892 0.0236847 0.00988273 0.00292869 0.00421842 0.000538893
 0 0.00235578 0.0916655 0.0520972 0.0476589 0.0239227 0.0112967 0.0315022 0.0100524 0.00695587 0.0317636 0.0316895 0.015557 0.0207787 0.0136698 0.00792456 0.0396046 0.031509 0.000512206 0.0154613 0 0.00917453 0.138554 0.0872186 0.0405019 0.0264765 0.011124 0.0284171 0.0183002 0 0.041767 0.00543979 0.00871365 0.0516063 0.00543979 0.000556249 0.0201523 0.0132081 0 0.00737267
 0 0.0124882 0.0675899 0.105485 0.0605047 0.0119992 0.0140827 0.0127797 0.0265282 0.00652949 0.0105815 0.00532999 0.0102279 0.0210199 0.0204584 0.0150232 0.0173569 0.0168581 0.017233 0.0125185 0 0.00784929 0.12473 0.122446 0.0889851 0.0241243 0.0332063 0.0139943 0.012285 0.00690616 0.00480144 0.00634436 0.000777217 0.0257421 0.0102478 0.00672946 0.008155 0.0259029 0.00481221 0.00736701
 0 0.0100137 0.0627749 0.142812 0.061657 0.0414641 0.0166363 0.0156454 0.0110168 0.022542 0.00843899 0.0067056 0.0047759 0.00566562 0.0146166 0.0182121 0.0117221 0.0079388 0.013745 0.0100943 0 0.0116126 0.0813999 0.156377 0.0810746 0.0506111 0.0134479 0.00604674 0.013985 0.0103331 0.0111734 0.00397188 0.0093261 0.00214112 0.0154867 0.0170715 0.00887947 0.00118426 0.0105523 0.00884805
 0 0.00327488 0.0316991 0.0621869 0.0852052 0.0743982 0.0482597 0.025002 0.00862597 0.0185369 0.0171927 0.0149963 0.0172059 0.0145412 0.0129795 0.0182976 0.0104236 0.0124629 0.0110094 0.0127981 6.1e-05 0.0025359 0.0358425 0.100737 0.116648 0.0809554 0.0515433 0.0213339 0.0104063 0.0278348 0.00397329 0.0041793 0.00585822 0.00691797 0.0148935 0.00699156 0.00406172 0.00223058 0.00293611 0.000964316
 0 0 0.0344716 0.0425371 0.0797772 0.0772852 0.0917156 0.0327709 0.0122883 0.0179486 0.0227971 0.00624499 0.0113787 0 0.00336123 0.0125184 0.0176827 0.0211009 0.00270851 0.0249988 0 0 0.0426422 0.0554702 0.0709732 0.11781 0.0648563 0.0554839 0.0101509 0.00421804 0.0111215 0.0188038 0.00333767 0.00311698 0.00584258 0.000175905 0.00937223 0.00716769 0.00324295 0.00462783
 0 0.000505993 0.0149364 0.0882892 0.0553836 0.0772055 0.0726365 0.0453451 0.0318206 0.00778258 0.0111265 0.00671749 0.0148263 0.00489933 0.00818872 0.00346505 0.0107194 0.0150345 0.0053693 0.0266207 0 0.000602618 0.0147654 0.093249 0.0653735 0.0623854 0.0943639 0.0610608 0.0335399 0.00223846 0.0119568 0.00111552 0.00839979 0.00564577 0.00441213 0.0066462 0.00158752 0.00662479 0.0185915 0.00656809
 0 0.00076058 0.0138313 0.0472081 0.0657654 0.065324 0.0519605 0.0862842 0.0474346 0.0330153 0.00527037 0.0195328 0.00719644 0.0159391 0.00523404 0.00879513 0.00400771 0.00472245 0.00710324 0.0301682 0 0.00144384 0.00874781 0.0453728 0.0844127 0.0533685 0.0633138 0.0621683 0.0577984 0.020691 0.0232347 0.00821655 0.00493207 0.00867663 0.00271355 0.0042907 0.00177631 0.00465156 0.0136478 0.0109893
 0 0 0.0202697 0.012566 0.0523788 0.115295 0.0393339 0.0583206 0.0620987 0.0484458 0.0306915 0.0177544 0.0118198 0.00910993 0.014409 0.0034706 0.00193403 0.00058097 0.00258629 0.0316644 0 0 0.00945016 0.0259794 0.0434117 0.0642463 0.0787393 0.0734871 0.0854725 0.0301367 0.0234029 0.00594424 0.00468835 0.00244034 0.00301454 0 0.00322094 0.00574774 0.00124755 0.00664094
 0 0 0 0.00720142 0.0294498 0.0364352 0.0797044 0.0404756 0.0974925 0.0791223 0.0485109 0.0192815 0.0050677 0.0129267 0.00312016 0.0122042 0.00410958 0.00373804 0.00296361 0.0211457 0 0.000895442 0.00408164 0.0109143 0.042552 0.0677961 0.0861491 0.0516935 0.0295119 0.0725968 0.0354363 0.0134501 0.00276855 0.0164137 0.0105132 0.0278152 0 0.00395251 0.00686961 0.0136409
 0 6.52e-05 0.00714985 0.00436971 0.00686047 0.0129608 0.0283718 0.0842525 0.0792553 0.0718542 0.0555486 0.0457091 0.0218978 0.00250234 0.00997976 0.00242782 0.0126217 0 0.00337894 0.0313312 0 8.94e-05 0.018672 0.00244994 0.0117258 0.0289934 0.0516364 0.088995 0.0691528 0.0728631 0.0555115 0.0487554 0.0272205 0.0108175 0.0124467 0.00114093 0.00302122 0.00223433 0.000354046 0.013383
 0 0.00225008 0.0146097 0.0240994 0.0101619 0.00827543 0.00262634 0.00135443 0.0817241 0.046838 0.0628231 0.120664 0.00912322 0.0303108 0.0106725 0.0221441 0.00125287 0.0112637 0.00652358 0.0252376 0 0.00569969 0.0252529 0.0254238 0.00278055 0.00973747 0.00900868 0.0223968 0.063248 0.0347065 0.0696781 0.0837941 0.0751327 0.0104496 0.00640544 0.0109674 0.001821 0.00487571 0.0093836 0.037283
 5.77e-05 0.00166068 0.0262059 0.0307754 0.0291648 0.00528056 0.00777628 0.0198037 0.0148561 0.072351 0.06971 0.0550064 0.0542677 0.0255355 0.0159877 0.0149188 0.0038943 0.00175 0.0043282 0.0186341 0 0.00103657 0.0495795 0.0374301 0.0395167 0.00573587 0.00738334 0.0188603 0.0414787 0.114375 0.0595797 0.0415878 0.0574194 0.0210692 0.00914352 0.00236206 0 0 0.00796648 0.0135105
 0 0.0220817 0.00976714 0.0356696 0.0351417 0.0167713 0.00281853 0.00158309 0.0060112 0.0211802 0.0643234 0.0482769 0.070787 0.0574199 0.040624 0.0285901 0.0162439 0.00729336 0.00666647 0.0231727 0.00020474 0.03157 0.0142423 0.055795 0.0341293 0.0217245 0.0106362 0.00737783 0.00639086 0.0118129 0.0510063 0.0699583 0.072619 0.0303047 0.0264579 0.0160495 0.00655776 0.000407993 0.0111365 0.00719626
 0 0.0490656 0.110536 0.0229125 0.0267683 0.0224796 0.0138548 0.0108431 0.00323163 0.00254116 0.0186896 0.0689825 0.0478693 0.0291948 0.0456593 0.0243147 0.00734967 0.00166244 1.96e-05 0.00573782 0.00217299 0.0710718 0.142854 0.0149133 0.0413446 0.0231644 0.00418012 0 0.0191934 0.00466555 0.00890878 0.0328546 0.0354806 0.0176767 0.0348648 0.0223727 0.00633782 0.000904431 0 0.00532643
 0 0.010126 0.116899 0.0761548 0.0111329 0.0383359 0.0150294 0.0242982 0.00711359 0.0150829 0.00507605 0.0179599 0.0540066 0.0312144 0.0292222 0.0414326 0.0239774 0.0093593 0.00281576 0.00929869 0 0.0168461 0.112739 0.102829 0.0121515 0.0513179 0.0108916 0.0160554 0 0.00421913 0.0164066 0.00716626 0.0304216 0.0195671 0.0207552 0.0206777 0.0145995 0.00224284 0.000472889 0.00210443
 0 0.0351343 0.1176 0.124102 0.0580339 0.00991002 0.0186954 0.00980804 0.00428033 0.00209347 0.00609148 0.00175666 0.00674212 0.0178445 0.0279988 0.0260635 0.0226891 0.009832 0.00314873 0.00312138 0 0.0385792 0.16834 0.111896 0.0713319 0.0105006 0.0183759 0.0103871 0.00203371 0.0045597 0.00423214 0.00304287 0.00645736 0.0123181 0.00758889 0.00877923 0.0104405 0.00333181 0.00229117 0.000568181
 0 0.0366371 0.0961156 0.0805139 0.115192 0.0616117 0.036251 0.00416988 0.0101471 0.00649105 0.00312166 0.00461836 0.00368842 0.0044089 0.00753471 0.0140606 0.00771966 0.00954627 0.00707237 0.00546727 0.00134486 0.0615614 0.106166 0.110152 0.0764098 0.0672019 0.0325314 0.00468948 0.00552524 0 0.0013233 0 0.00166895 0.000178694 0.00383485 0.00410126 0.00485706 0.00121556 0.00234794 0.000523127
 0 0.00351489 0.103233 0.0636423 0.107094 0.0795627 0.0552113 0.0197568 0.00952729 0.00621672 0.00422094 0.00357063 0.0020918 0.000471351 0.00745198 0.0106787 0.0172994 0.00932867 0.0044204 0.0106227 0 0.000989165 0.133893 0.090112 0.0733594 0.0839179 0.057651 0.0214364 0.00211745 0.00238045 0.00224653 0.00228699 0 0 0.000520033 0.00317953 0.00238083 0.000256062 0.00242516 0.00293336
 0 0 0.0369315 0.111745 0.0820351 0.0792153 0.0688326 0.0489972 0.0264625 0.00674661 0.00345895 0.00346625 0.00438998 0.00277835 0.00212255 0.0083713 0.00336981 0.0067266 0.00536942 0.00663929 0 0.000495589 0.0686008 0.126018 0.0608515 0.0846136 0.0787649 0.0391111 0.0157819 0.00446091 0.00527245 0 0.00097669 0 0.000259543 0.00149578 0.00228654 0.00123623 0.000880478 0.00123623
#wt_srv_f_in
 0.009 0.015 0.03 0.059 0.112 0.183 0.267 0.363 0.439 0.489 0.577 0.57 0.612 0.667 0.714 0.79 0.862 0.939 0.889 0.815
 0.009 0.015 0.03 0.059 0.112 0.183 0.267 0.363 0.439 0.489 0.577 0.57 0.612 0.667 0.714 0.79 0.862 0.939 0.889 0.815
 0.009 0.015 0.03 0.059 0.112 0.183 0.267 0.363 0.439 0.489 0.577 0.57 0.612 0.667 0.714 0.79 0.862 0.939 0.889 0.815
 0.009 0.015 0.03 0.059 0.112 0.183 0.267 0.363 0.439 0.489 0.577 0.57 0.612 0.667 0.714 0.79 0.862 0.939 0.889 0.815
 0.009 0.015 0.03 0.059 0.112 0.183 0.267 0.363 0.439 0.489 0.577 0.57 0.612 0.667 0.714 0.79 0.862 0.939 0.889 0.815
 0.009 0.015 0.03 0.059 0.112 0.183 0.267 0.363 0.439 0.489 0.577 0.57 0.612 0.667 0.714 0.79 0.862 0.939 0.889 0.815
 0.009 0.015 0.03 0.059 0.112 0.183 0.267 0.363 0.439 0.489 0.577 0.57 0.612 0.667 0.714 0.79 0.862 0.939 0.889 0.815
 0.009 0.018 0.052 0.077 0.101 0.153 0.212 0.282 0.391 0.421 0.538 0.494 0.643 0.614 0.908 0.969 0.935 0.935 0.948 0.88
 0.009 0.013 0.032 0.102 0.154 0.2 0.277 0.312 0.431 0.418 0.497 0.466 0.608 0.63 0.817 0.864 0.992 1.08 1.022 0.88
 0.009 0.014 0.029 0.06 0.133 0.205 0.249 0.331 0.421 0.473 0.588 0.543 0.584 0.799 0.729 0.803 0.963 1.022 0.983 0.88
 0.009 0.021 0.033 0.068 0.152 0.249 0.33 0.397 0.511 0.503 0.615 0.62 0.539 0.615 0.717 0.757 0.896 1.013 0.993 0.91
 0.009 0.015 0.029 0.044 0.104 0.188 0.295 0.369 0.43 0.51 0.545 0.515 0.611 0.547 0.72 0.777 0.875 1.015 0.97 0.864
 0.009 0.015 0.034 0.065 0.115 0.205 0.339 0.494 0.521 0.487 0.614 0.598 0.634 0.746 0.647 0.755 0.866 1.02 0.956 0.864
 0.009 0.015 0.028 0.048 0.117 0.192 0.311 0.419 0.414 0.508 0.604 0.708 0.615 0.647 0.631 0.731 0.806 0.913 0.881 0.83
 0.009 0.016 0.025 0.055 0.093 0.175 0.236 0.38 0.495 0.559 0.609 0.564 0.566 0.723 0.661 0.727 0.801 0.908 0.87 0.83
 0.009 0.009 0.015 0.039 0.082 0.145 0.235 0.335 0.431 0.547 0.612 0.62 0.614 0.685 0.68 0.793 0.838 0.896 0.835 0.794
 0.009 0.009 0.022 0.031 0.072 0.117 0.184 0.306 0.349 0.462 0.549 0.574 0.705 0.667 0.694 0.802 0.856 0.855 0.798 0.819
 0.009 0.009 0.018 0.037 0.058 0.095 0.166 0.218 0.332 0.416 0.445 0.544 0.585 0.628 0.716 0.767 0.841 0.826 0.795 0.806
 0.009 0.009 0.022 0.031 0.082 0.108 0.182 0.228 0.305 0.41 0.534 0.629 0.555 0.645 0.72 0.79 0.854 0.851 0.828 0.826
 0.009 0.009 0.025 0.047 0.075 0.105 0.174 0.207 0.325 0.43 0.442 0.544 0.555 0.656 0.696 0.788 0.87 0.838 0.803 0.813
 0.009 0.009 0.025 0.039 0.072 0.112 0.157 0.218 0.268 0.39 0.41 0.465 0.681 0.673 0.666 0.729 0.869 0.803 0.785 0.812
 0.009 0.007 0.022 0.053 0.072 0.128 0.171 0.245 0.281 0.354 0.448 0.514 0.52 0.621 0.638 0.686 0.856 0.78 0.821 0.813
 0.009 0.016 0.021 0.045 0.082 0.102 0.173 0.199 0.238 0.344 0.393 0.418 0.468 0.665 0.632 0.66 0.808 0.782 0.824 0.81
 0.009 0.016 0.023 0.049 0.072 0.115 0.173 0.198 0.226 0.318 0.339 0.393 0.42 0.556 0.604 0.659 0.791 0.758 0.811 0.808
 0.009 0.016 0.017 0.029 0.045 0.086 0.114 0.178 0.237 0.245 0.32 0.387 0.437 0.489 0.591 0.646 0.745 0.737 0.803 0.838
 0.009 0.016 0 0.033 0.062 0.094 0.136 0.2 0.245 0.293 0.339 0.406 0.41 0.472 0.56 0.617 0.687 0.735 0.816 0.851
 0 0.02 0.0391429 0.0813333 0.0803077 0.115636 0.159111 0.218 0.228625 0.299 0.3316 0.380333 0.488667 0.513226 0.529867 0.609123 0.669495 0.737448 0.794141 0.908333
 0 0.0153333 0.0392727 0.0774286 0.111273 0.12365 0.1804 0.233857 0.271667 0.342333 0.350632 0.425613 0.4396 0.518 0.556715 0.583104 0.685993 0.671483 0.707714 0.883392
 0.003 0.011375 0.0395111 0.0689412 0.122133 0.1304 0.194333 0.215846 0.3402 0.354615 0.4692 0.401 0.483724 0.589143 0.608976 0.629836 0.682015 0.688205 0.761238 0.843711
 0 0.036 0.0357027 0.0904348 0.197364 0.201 0.424 0.278875 0.2952 0.463333 0.455 0.581111 0.591143 0.55625 0.595281 0.637482 0.6238 0.654002 0.740464 0.774122
 0 0.013 0.0313684 0.070037 0.144821 0.229714 0.228667 0.294571 0.332875 0.363 0.436333 0.503 0.448 0.525111 0.568027 0.580809 0.6032 0.651604 0.667623 0.736366
 0 0.013 0.0231111 0.0451111 0.0996667 0.153875 0.238 0.26125 0.329 0.3631 0.357143 0.4895 0.455333 0.485 0.608923 0.553631 0.622333 0.659249 0.707393 0.773381
 0 0.008 0.0181818 0.035 0.07 0.136909 0.217714 0.250563 0.335667 0.3402 0.4804 0.4255 0.512 0.574889 0.559689 0.564849 0.611222 0.615046 0.694567 0.767402
 0 0.008 0.0171111 0.0388333 0.06056 0.136333 0.169795 0.323 0.313 0.515143 0.447846 0.601333 0.496 0.511644 0.527146 0.631172 0.624493 0.601089 0.676485 0.7344
 0 0.008 0.0146154 0.0317419 0.056 0.1024 0.15681 0.271548 0.32016 0.348286 0.3988 0.433667 0.474909 0.4484 0.607299 0.641168 0.712139 0.610141 0.647525 0.735214
 0 0.012 0.022 0.0467778 0.0695385 0.115333 0.145565 0.244564 0.32472 0.370941 0.479333 0.448727 0.447 0.619077 0.608692 0.661834 0.733046 0.720047 0.486242 0.73522
 0 0.012 0.0352 0.0763333 0.144214 0.170233 0.1873 0.270368 0.3475 0.396091 0.475882 0.5346 0.530429 0.603667 0.621157 0.690516 0.718515 0.776682 0.528747 0.764442
 0 0.011 0.0343778 0.038 0.0892727 0.1316 0.1817 0.2588 0.326667 0.3868 0.474444 0.562 0.616667 0.68375 0.671163 0.72941 0.721738 0.717513 0.742249 0.772469
 0 0.01 0.0335556 0.107333 0.107333 0.137667 0.241714 0.235091 0.342167 0.378522 0.444526 0.572857 0.623455 0.68 0.709832 0.7521 0.769313 0.719028 0.755416 0.7658
 0 0.012 0.0308 0.0736 0.1016 0.184667 0.142 0.134 0.33175 0.3598 0.451 0.532645 0.645 0.615167 0.736811 0.700996 0.785771 0.772692 0.786605 0.806926
 0.006 0.0133333 0.0326957 0.0871579 0.129375 0.274 0.254 0.3448 0.3315 0.398778 0.492222 0.60475 0.581063 0.656727 0.714255 0.67986 0.734876 0.816075 0.849418 0.853896
 0 0.0190968 0.0762 0.0779688 0.196182 0.1891 0.275 0.248 0.416 0.447375 0.469059 0.541214 0.538048 0.557187 0.667569 0.663092 0.747536 0.795092 1.01022 0.893961
 0 0.0130556 0.0456818 0.109333 0.171231 0.255941 0.2936 0.313714 0.385 0.6175 0.474714 0.523692 0.586278 0.524154 0.646838 0.677142 0.764981 0.777419 1.03407 0.916188
 0.0015 0.0107143 0.04514 0.100679 0.188909 0.256243 0.315333 0.375286 0.46325 0.427333 0.457 0.500286 0.539235 0.609583 0.638228 0.68186 0.733779 0.733481 0.793136 0.897161
 0 0.0170667 0.0423437 0.101185 0.18866 0.266 0.41535 0.407556 0.3925 0.405 0.557333 0.679 0.56925 0.642462 0.635951 0.6647 0.70339 0.684339 0.71817 0.883144
 0 0.0156833 0.0424885 0.0946259 0.161997 0.257635 0.38827 0.411978 0.426114 0.446813 0.541333 0.648875 0.622375 0.679131 0.676275 0.647223 0.709754 0.690506 0.742987 0.901321
 0 0.0143 0.0426333 0.0880667 0.135333 0.249269 0.36119 0.4164 0.459727 0.488625 0.525333 0.61875 0.6755 0.7158 0.699314 0.650697 0.702416 0.709022 0.775761 0.864122
 0 0.017 0.0360833 0.106733 0.152221 0.244202 0.33317 0.423436 0.582786 0.605 0.682375 0.5822 0.69425 0.7 0.693494 0.680032 0.713724 0.715122 0.768153 0.799666
 0 0.017 0.043 0.0723864 0.174879 0.219567 0.323089 0.42291 0.519974 0.60875 0.6318 0.654333 0.631143 0.708 0.68675 0.7142 0.766571 0.710286 0.737154 0.771375
 0 0.017 0.043 0.0723864 0.174879 0.219567 0.323089 0.42291 0.519974 0.60875 0.6318 0.654333 0.631143 0.708 0.68675 0.7142 0.766571 0.710286 0.737154 0.771375
#wt_srv_m_in
 0.007 0.011 0.013 0.026 0.055 0.1 0.153 0.213 0.256 0.259 0.311 0.301 0.314 0.353 0.367 0.33 0.455 0.342 0.366 0.36
 0.007 0.011 0.013 0.026 0.055 0.1 0.153 0.213 0.256 0.259 0.311 0.301 0.314 0.353 0.367 0.33 0.455 0.342 0.366 0.36
 0.007 0.011 0.013 0.026 0.055 0.1 0.153 0.213 0.256 0.259 0.311 0.301 0.314 0.353 0.367 0.33 0.455 0.342 0.366 0.36
 0.007 0.011 0.013 0.026 0.055 0.1 0.153 0.213 0.256 0.259 0.311 0.301 0.314 0.353 0.367 0.33 0.455 0.342 0.366 0.36
 0.007 0.011 0.013 0.026 0.055 0.1 0.153 0.213 0.256 0.259 0.311 0.301 0.314 0.353 0.367 0.33 0.455 0.342 0.366 0.36
 0.007 0.011 0.013 0.026 0.055 0.1 0.153 0.213 0.256 0.259 0.311 0.301 0.314 0.353 0.367 0.33 0.455 0.342 0.366 0.36
 0.002 0.014 0.047 0.078 0.088 0.145 0.176 0.205 0.208 0.282 0.339 0.239 0.273 0.352 0.31 0.582 0.373 0.325 0.36 0.399
 0.002 0.014 0.047 0.078 0.088 0.145 0.176 0.205 0.208 0.282 0.339 0.239 0.273 0.352 0.31 0.582 0.373 0.325 0.36 0.399
 0.002 0.015 0.029 0.093 0.132 0.149 0.191 0.219 0.201 0.24 0.208 0.255 0.297 0.306 0.306 0.49 0.373 0.325 0.36 0.399
 0.002 0.018 0.023 0.053 0.12 0.13 0.198 0.216 0.228 0.284 0.256 0.251 0.292 0.293 0.294 0.447 0.346 0.325 0.36 0.399
 0.002 0.018 0.034 0.061 0.135 0.206 0.228 0.256 0.252 0.327 0.335 0.327 0.575 0.369 0.298 0.481 0.353 0.325 0.36 0.399
 0.002 0.018 0.027 0.037 0.092 0.168 0.261 0.252 0.253 0.26 0.299 0.327 0.575 0.369 0.3 0.501 0.357 0.325 0.36 0.399
 0.002 0.012 0.029 0.065 0.101 0.176 0.257 0.303 0.277 0.26 0.299 0.327 0.575 0.369 0.3 0.501 0.354 0.325 0.36 0.399
 0.002 0.014 0.022 0.049 0.11 0.172 0.233 0.301 0.337 0.438 0.324 0.278 0.345 0.458 0.302 0.538 0.352 0.342 0.36 0.399
 0.002 0.012 0.022 0.048 0.097 0.156 0.208 0.293 0.286 0.368 0.313 0.356 0.345 0.341 0.31 0.562 0.365 0.358 0.36 0.372
 0.002 0.006 0.014 0.033 0.066 0.125 0.203 0.29 0.305 0.292 0.314 0.377 0.336 0.398 0.32 0.542 0.363 0.374 0.36 0.35
 0.002 0.012 0.011 0.03 0.062 0.105 0.174 0.225 0.243 0.312 0.322 0.425 0.351 0.422 0.34 0.521 0.36 0.391 0.36 0.35
 0.002 0.008 0.013 0.031 0.053 0.089 0.166 0.202 0.244 0.234 0.323 0.311 0.345 0.318 0.347 0.477 0.376 0.407 0.36 0.35
 0.002 0.007 0.019 0.035 0.069 0.096 0.149 0.166 0.263 0.309 0.353 0.34 0.471 0.355 0.369 0.432 0.391 0.407 0.36 0.35
 0.002 0.011 0.02 0.041 0.066 0.093 0.143 0.216 0.216 0.242 0.286 0.317 0.361 0.362 0.383 0.42 0.399 0.407 0.368 0.377
 0.002 0.011 0.029 0.039 0.069 0.093 0.153 0.175 0.218 0.247 0.281 0.303 0.379 0.306 0.387 0.408 0.406 0.407 0.375 0.399
 0.002 0.006 0.02 0.045 0.07 0.113 0.152 0.205 0.205 0.232 0.302 0.294 0.245 0.359 0.352 0.391 0.42 0.422 0.383 0.399
 0.002 0.006 0.018 0.04 0.071 0.112 0.147 0.208 0.215 0.219 0.272 0.263 0.323 0.255 0.362 0.398 0.419 0.437 0.39 0.399
 0.002 0.006 0.023 0.041 0.072 0.083 0.148 0.174 0.225 0.225 0.232 0.257 0.245 0.325 0.356 0.407 0.417 0.478 0.398 0.399
 0.002 0.006 0.015 0.031 0.041 0.092 0.142 0.155 0.19 0.2 0.239 0.255 0.229 0.262 0.338 0.404 0.425 0.505 0.398 0.399
 0.002 0.006 0.015 0.038 0.034 0.068 0.12 0.163 0.205 0.205 0.23 0.26 0.277 0.269 0.318 0.382 0.406 0.52 0.406 0.399
 0 0.022 0.0291429 0.0657143 0.0738333 0.101467 0.138364 0.189158 0.244 0.232235 0.238308 0.319273 0.344556 0.372471 0.375389 0.396096 0.429556 0.391778 0.573667 0.475222
 0.001 0.0162 0.03232 0.0695 0.09 0.112312 0.166167 0.22075 0.270421 0.225333 0.268857 0.284071 0.298571 0.3005 0.338641 0.366299 0.416852 0.391481 0.470556 0.487407
 0.002 0.0133043 0.0391111 0.0680833 0.1068 0.11025 0.1816 0.162571 0.387 0.277333 0.3904 0.283846 0.298818 0.378286 0.32928 0.410533 0.378474 0.418983 0.393852 0.47518
 0.002 0.0233333 0.04256 0.112 0.2066 0.154222 0.186 0.3165 0.262 0.289667 0.360154 0.302 0.3864 0.338933 0.32376 0.429122 0.357182 0.390446 0.380951 0.413327
 0.002 0.014 0.026 0.0670698 0.148176 0.188571 0.234444 0.2665 0.284 0.302 0.409 0.4024 0.428 0.279714 0.31732 0.383527 0.373338 0.398445 0.396256 0.39875
 0.003 0.00771429 0.0172 0.0463415 0.0982381 0.154412 0.214 0.2215 0.233429 0.2536 0.2436 0.282667 0.335667 0.360667 0.341888 0.362106 0.403843 0.434193 0.455914 0.421891
 0.004 0.00733333 0.0146154 0.037 0.0760606 0.130207 0.183895 0.230571 0.28225 0.241 0.278 0.341333 0.2955 0.2895 0.350232 0.394924 0.403833 0.418664 0.45786 0.42863
 0.004 0.00766667 0.0176667 0.0312727 0.0506667 0.123306 0.151619 0.238647 0.254 0.236 0.351 0.299714 0.325333 0.342 0.3323 0.431419 0.388211 0.41174 0.40982 0.463455
 0.004 0.008 0.0158 0.0305946 0.0566087 0.092 0.159463 0.21336 0.232923 0.234 0.302 0.399 0.343429 0.327 0.360767 0.371584 0.413737 0.401765 0.395473 0.467035
 0.004 0.013 0.029 0.0349524 0.07104 0.1011 0.129391 0.188727 0.26419 0.317455 0.2878 0.38 0.325333 0.2865 0.382256 0.320269 0.419801 0.387866 0.426158 0.453206
 0.004 0.0125 0.034 0.0549286 0.0787857 0.116937 0.178895 0.222632 0.28448 0.284727 0.354909 0.322 0.386 0.4035 0.378085 0.335978 0.401045 0.359233 0.468803 0.475083
 0.004 0.012 0.0152 0.0376667 0.0832 0.140769 0.181333 0.194667 0.2768 0.2948 0.327111 0.296 0.444 0.328333 0.380562 0.371474 0.398793 0.365967 0.489684 0.477425
 0.004 0.008 0.0453333 0.04 0.0916667 0.174333 0.162667 0.207625 0.253818 0.28 0.282667 0.346429 0.367538 0.336 0.393609 0.375825 0.405153 0.413711 0.479061 0.457748
 0.004 0.0144 0.0351429 0.07325 0.11 0.118 0.185 0.198 0.25 0.2432 0.289429 0.340923 0.362 0.4135 0.386092 0.368608 0.407718 0.45707 0.452987 0.455316
 0.004 0.018 0.033625 0.0931579 0.142308 0.146 0.24 0.27 0.2716 0.304267 0.331636 0.389333 0.374571 0.468333 0.381576 0.399286 0.399239 0.522523 0.431573 0.477105
 0.004 0.0193103 0.064 0.08865 0.186938 0.203143 0.179 0.266 0.342 0.271 0.338909 0.332471 0.322133 0.408 0.376357 0.414607 0.420969 0.536008 0.415524 0.513544
 0.0035 0.0120909 0.0475098 0.101062 0.155429 0.203083 0.184 0.2631 0.2976 0.265 0.221333 0.329917 0.305538 0.482778 0.358171 0.391931 0.429628 0.517669 0.445064 0.54471
 0.0035 0.0113571 0.0372 0.101068 0.175167 0.220885 0.24075 0.2602 0.2878 0.3 0.30375 0.476 0.3012 0.353778 0.390424 0.381848 0.398026 0.490756 0.437243 0.557689
 0.0035 0.018 0.041825 0.0898 0.170944 0.224375 0.303909 0.30575 0.278 0.325333 0.3075 0.363 0.412429 0.328556 0.424375 0.386196 0.393075 0.463919 0.421131 0.575792
 0.00675 0.01596 0.0427202 0.0813898 0.160845 0.215304 0.29935 0.350232 0.343833 0.325333 0.31625 0.363 0.376214 0.376778 0.432425 0.383184 0.415958 0.48284 0.458971 0.618285
 0.01 0.01392 0.0436154 0.0729796 0.150745 0.206233 0.294792 0.394714 0.409667 0.3635 0.325 0.339875 0.34 0.425 0.470142 0.396573 0.434503 0.52268 0.508257 0.57991
 0.01 0.01 0.0405217 0.0898298 0.145763 0.212703 0.282216 0.328407 0.36225 0.401667 0.3635 0.31675 0.381 0.425 0.484047 0.399591 0.427306 0.50956 0.476586 0.488161
 0.01 0.01 0.0376667 0.0794737 0.179511 0.204973 0.273986 0.303825 0.325 0.3376 0.3748 0.31675 0.422 0.425 0.438 0.374 0.405667 0.434 0.366 0.43
 0.01 0.01 0.0376667 0.0794737 0.179511 0.204973 0.273986 0.303825 0.325 0.3376 0.3748 0.31675 0.422 0.425 0.438 0.374 0.405667 0.434 0.366 0.43
#wt_pop_f_in
 0.009 0.015 0.03 0.059 0.112 0.183 0.267 0.363 0.439 0.489 0.577 0.57 0.612 0.667 0.714 0.79 0.862 0.939 0.889 0.815
 0.009 0.015 0.03 0.059 0.112 0.183 0.267 0.363 0.439 0.489 0.577 0.57 0.612 0.667 0.714 0.79 0.862 0.939 0.889 0.815
 0.009 0.015 0.03 0.059 0.112 0.183 0.267 0.363 0.439 0.489 0.577 0.57 0.612 0.667 0.714 0.79 0.862 0.939 0.889 0.815
 0.009 0.015 0.03 0.059 0.112 0.183 0.267 0.363 0.439 0.489 0.577 0.57 0.612 0.667 0.714 0.79 0.862 0.939 0.889 0.815
 0.009 0.015 0.03 0.059 0.112 0.183 0.267 0.363 0.439 0.489 0.577 0.57 0.612 0.667 0.714 0.79 0.862 0.939 0.889 0.815
 0.009 0.015 0.03 0.059 0.112 0.183 0.267 0.363 0.439 0.489 0.577 0.57 0.612 0.667 0.714 0.79 0.862 0.939 0.889 0.815
 0.009 0.015 0.03 0.059 0.112 0.183 0.267 0.363 0.439 0.489 0.577 0.57 0.612 0.667 0.714 0.79 0.862 0.939 0.889 0.815
 0.009 0.018 0.052 0.077 0.101 0.153 0.212 0.282 0.391 0.421 0.538 0.494 0.643 0.614 0.908 0.969 0.935 0.935 0.948 0.88
 0.009 0.013 0.032 0.102 0.154 0.2 0.277 0.312 0.431 0.418 0.497 0.466 0.608 0.63 0.817 0.864 0.992 1.08 1.022 0.88
 0.009 0.014 0.029 0.06 0.133 0.205 0.249 0.331 0.421 0.473 0.588 0.543 0.584 0.799 0.729 0.803 0.963 1.022 0.983 0.88
 0.009 0.021 0.033 0.068 0.152 0.249 0.33 0.397 0.511 0.503 0.615 0.62 0.539 0.615 0.717 0.757 0.896 1.013 0.993 0.91
 0.009 0.015 0.029 0.044 0.104 0.188 0.295 0.369 0.43 0.51 0.545 0.515 0.611 0.547 0.72 0.777 0.875 1.015 0.97 0.864
 0.009 0.015 0.034 0.065 0.115 0.205 0.339 0.494 0.521 0.487 0.614 0.598 0.634 0.746 0.647 0.755 0.866 1.02 0.956 0.864
 0.009 0.015 0.028 0.048 0.117 0.192 0.311 0.419 0.414 0.508 0.604 0.708 0.615 0.647 0.631 0.731 0.806 0.913 0.881 0.83
 0.009 0.016 0.025 0.055 0.093 0.175 0.236 0.38 0.495 0.559 0.609 0.564 0.566 0.723 0.661 0.727 0.801 0.908 0.87 0.83
 0.009 0.009 0.015 0.039 0.082 0.145 0.235 0.335 0.431 0.547 0.612 0.62 0.614 0.685 0.68 0.793 0.838 0.896 0.835 0.794
 0.009 0.009 0.022 0.031 0.072 0.117 0.184 0.306 0.349 0.462 0.549 0.574 0.705 0.667 0.694 0.802 0.856 0.855 0.798 0.819
 0.009 0.009 0.018 0.037 0.058 0.095 0.166 0.218 0.332 0.416 0.445 0.544 0.585 0.628 0.716 0.767 0.841 0.826 0.795 0.806
 0.009 0.009 0.022 0.031 0.082 0.108 0.182 0.228 0.305 0.41 0.534 0.629 0.555 0.645 0.72 0.79 0.854 0.851 0.828 0.826
 0.009 0.009 0.025 0.047 0.075 0.105 0.174 0.207 0.325 0.43 0.442 0.544 0.555 0.656 0.696 0.788 0.87 0.838 0.803 0.813
 0.009 0.009 0.025 0.039 0.072 0.112 0.157 0.218 0.268 0.39 0.41 0.465 0.681 0.673 0.666 0.729 0.869 0.803 0.785 0.812
 0.009 0.007 0.022 0.053 0.072 0.128 0.171 0.245 0.281 0.354 0.448 0.514 0.52 0.621 0.638 0.686 0.856 0.78 0.821 0.813
 0.009 0.016 0.021 0.045 0.082 0.102 0.173 0.199 0.238 0.344 0.393 0.418 0.468 0.665 0.632 0.66 0.808 0.782 0.824 0.81
 0.009 0.016 0.023 0.049 0.072 0.115 0.173 0.198 0.226 0.318 0.339 0.393 0.42 0.556 0.604 0.659 0.791 0.758 0.811 0.808
 0.009 0.016 0.017 0.029 0.045 0.086 0.114 0.178 0.237 0.245 0.32 0.387 0.437 0.489 0.591 0.646 0.745 0.737 0.803 0.838
 0.009 0.016 0 0.033 0.062 0.094 0.136 0.2 0.245 0.293 0.339 0.406 0.41 0.472 0.56 0.617 0.687 0.735 0.816 0.851
 0 0.02 0.0391429 0.0813333 0.0803077 0.115636 0.159111 0.218 0.228625 0.299 0.3316 0.380333 0.488667 0.513226 0.529867 0.609123 0.669495 0.737448 0.794141 0.908333
 0 0.0153333 0.0392727 0.0774286 0.111273 0.12365 0.1804 0.233857 0.271667 0.342333 0.350632 0.425613 0.4396 0.518 0.556715 0.583104 0.685993 0.671483 0.707714 0.883392
 0.003 0.011375 0.0395111 0.0689412 0.122133 0.1304 0.194333 0.215846 0.3402 0.354615 0.4692 0.401 0.483724 0.589143 0.608976 0.629836 0.682015 0.688205 0.761238 0.843711
 0 0.036 0.0357027 0.0904348 0.197364 0.201 0.424 0.278875 0.2952 0.463333 0.455 0.581111 0.591143 0.55625 0.595281 0.637482 0.6238 0.654002 0.740464 0.774122
 0 0.013 0.0313684 0.070037 0.144821 0.229714 0.228667 0.294571 0.332875 0.363 0.436333 0.503 0.448 0.525111 0.568027 0.580809 0.6032 0.651604 0.667623 0.736366
 0 0.013 0.0231111 0.0451111 0.0996667 0.153875 0.238 0.26125 0.329 0.3631 0.357143 0.4895 0.455333 0.485 0.608923 0.553631 0.622333 0.659249 0.707393 0.773381
 0 0.008 0.0181818 0.035 0.07 0.136909 0.217714 0.250563 0.335667 0.3402 0.4804 0.4255 0.512 0.574889 0.559689 0.564849 0.611222 0.615046 0.694567 0.767402
 0 0.008 0.0171111 0.0388333 0.06056 0.136333 0.169795 0.323 0.313 0.515143 0.447846 0.601333 0.496 0.511644 0.527146 0.631172 0.624493 0.601089 0.676485 0.7344
 0 0.008 0.0146154 0.0317419 0.056 0.1024 0.15681 0.271548 0.32016 0.348286 0.3988 0.433667 0.474909 0.4484 0.607299 0.641168 0.712139 0.610141 0.647525 0.735214
 0 0.012 0.022 0.0467778 0.0695385 0.115333 0.145565 0.244564 0.32472 0.370941 0.479333 0.448727 0.447 0.619077 0.608692 0.661834 0.733046 0.720047 0.486242 0.73522
 0 0.012 0.0352 0.0763333 0.144214 0.170233 0.1873 0.270368 0.3475 0.396091 0.475882 0.5346 0.530429 0.603667 0.621157 0.690516 0.718515 0.776682 0.528747 0.764442
 0 0.011 0.0343778 0.038 0.0892727 0.1316 0.1817 0.2588 0.326667 0.3868 0.474444 0.562 0.616667 0.68375 0.671163 0.72941 0.721738 0.717513 0.742249 0.772469
 0 0.01 0.0335556 0.107333 0.107333 0.137667 0.241714 0.235091 0.342167 0.378522 0.444526 0.572857 0.623455 0.68 0.709832 0.7521 0.769313 0.719028 0.755416 0.7658
 0 0.012 0.0308 0.0736 0.1016 0.184667 0.142 0.134 0.33175 0.3598 0.451 0.532645 0.645 0.615167 0.736811 0.700996 0.785771 0.772692 0.786605 0.806926
 0.006 0.0133333 0.0326957 0.0871579 0.129375 0.274 0.254 0.3448 0.3315 0.398778 0.492222 0.60475 0.581063 0.656727 0.714255 0.67986 0.734876 0.816075 0.849418 0.853896
 0 0.0190968 0.0762 0.0779688 0.196182 0.1891 0.275 0.248 0.416 0.447375 0.469059 0.541214 0.538048 0.557187 0.667569 0.663092 0.747536 0.795092 1.01022 0.893961
 0 0.0130556 0.0456818 0.109333 0.171231 0.255941 0.2936 0.313714 0.385 0.6175 0.474714 0.523692 0.586278 0.524154 0.646838 0.677142 0.764981 0.777419 1.03407 0.916188
 0.0015 0.0107143 0.04514 0.100679 0.188909 0.256243 0.315333 0.375286 0.46325 0.427333 0.457 0.500286 0.539235 0.609583 0.638228 0.68186 0.733779 0.733481 0.793136 0.897161
 0 0.0170667 0.0423437 0.101185 0.18866 0.266 0.41535 0.407556 0.3925 0.405 0.557333 0.679 0.56925 0.642462 0.635951 0.6647 0.70339 0.684339 0.71817 0.883144
 0 0.0156833 0.0424885 0.0946259 0.161997 0.257635 0.38827 0.411978 0.426114 0.446813 0.541333 0.648875 0.622375 0.679131 0.676275 0.647223 0.709754 0.690506 0.742987 0.901321
 0 0.0143 0.0426333 0.0880667 0.135333 0.249269 0.36119 0.4164 0.459727 0.488625 0.525333 0.61875 0.6755 0.7158 0.699314 0.650697 0.702416 0.709022 0.775761 0.864122
 0 0.017 0.0360833 0.106733 0.152221 0.244202 0.33317 0.423436 0.582786 0.605 0.682375 0.5822 0.69425 0.7 0.693494 0.680032 0.713724 0.715122 0.768153 0.799666
 0 0.017 0.043 0.0723864 0.174879 0.219567 0.323089 0.42291 0.519974 0.60875 0.6318 0.654333 0.631143 0.708 0.68675 0.7142 0.766571 0.710286 0.737154 0.771375
 0 0.017 0.043 0.0723864 0.174879 0.219567 0.323089 0.42291 0.519974 0.60875 0.6318 0.654333 0.631143 0.708 0.68675 0.7142 0.766571 0.710286 0.737154 0.771375
#wt_pop_m_in
 0.007 0.011 0.013 0.026 0.055 0.1 0.153 0.213 0.256 0.259 0.311 0.301 0.314 0.353 0.367 0.33 0.455 0.342 0.366 0.36
 0.007 0.011 0.013 0.026 0.055 0.1 0.153 0.213 0.256 0.259 0.311 0.301 0.314 0.353 0.367 0.33 0.455 0.342 0.366 0.36
 0.007 0.011 0.013 0.026 0.055 0.1 0.153 0.213 0.256 0.259 0.311 0.301 0.314 0.353 0.367 0.33 0.455 0.342 0.366 0.36
 0.007 0.011 0.013 0.026 0.055 0.1 0.153 0.213 0.256 0.259 0.311 0.301 0.314 0.353 0.367 0.33 0.455 0.342 0.366 0.36
 0.007 0.011 0.013 0.026 0.055 0.1 0.153 0.213 0.256 0.259 0.311 0.301 0.314 0.353 0.367 0.33 0.455 0.342 0.366 0.36
 0.007 0.011 0.013 0.026 0.055 0.1 0.153 0.213 0.256 0.259 0.311 0.301 0.314 0.353 0.367 0.33 0.455 0.342 0.366 0.36
 0.002 0.014 0.047 0.078 0.088 0.145 0.176 0.205 0.208 0.282 0.339 0.239 0.273 0.352 0.31 0.582 0.373 0.325 0.36 0.399
 0.002 0.014 0.047 0.078 0.088 0.145 0.176 0.205 0.208 0.282 0.339 0.239 0.273 0.352 0.31 0.582 0.373 0.325 0.36 0.399
 0.002 0.015 0.029 0.093 0.132 0.149 0.191 0.219 0.201 0.24 0.208 0.255 0.297 0.306 0.306 0.49 0.373 0.325 0.36 0.399
 0.002 0.018 0.023 0.053 0.12 0.13 0.198 0.216 0.228 0.284 0.256 0.251 0.292 0.293 0.294 0.447 0.346 0.325 0.36 0.399
 0.002 0.018 0.034 0.061 0.135 0.206 0.228 0.256 0.252 0.327 0.335 0.327 0.575 0.369 0.298 0.481 0.353 0.325 0.36 0.399
 0.002 0.018 0.027 0.037 0.092 0.168 0.261 0.252 0.253 0.26 0.299 0.327 0.575 0.369 0.3 0.501 0.357 0.325 0.36 0.399
 0.002 0.012 0.029 0.065 0.101 0.176 0.257 0.303 0.277 0.26 0.299 0.327 0.575 0.369 0.3 0.501 0.354 0.325 0.36 0.399
 0.002 0.014 0.022 0.049 0.11 0.172 0.233 0.301 0.337 0.438 0.324 0.278 0.345 0.458 0.302 0.538 0.352 0.342 0.36 0.399
 0.002 0.012 0.022 0.048 0.097 0.156 0.208 0.293 0.286 0.368 0.313 0.356 0.345 0.341 0.31 0.562 0.365 0.358 0.36 0.372
 0.002 0.006 0.014 0.033 0.066 0.125 0.203 0.29 0.305 0.292 0.314 0.377 0.336 0.398 0.32 0.542 0.363 0.374 0.36 0.35
 0.002 0.012 0.011 0.03 0.062 0.105 0.174 0.225 0.243 0.312 0.322 0.425 0.351 0.422 0.34 0.521 0.36 0.391 0.36 0.35
 0.002 0.008 0.013 0.031 0.053 0.089 0.166 0.202 0.244 0.234 0.323 0.311 0.345 0.318 0.347 0.477 0.376 0.407 0.36 0.35
 0.002 0.007 0.019 0.035 0.069 0.096 0.149 0.166 0.263 0.309 0.353 0.34 0.471 0.355 0.369 0.432 0.391 0.407 0.36 0.35
 0.002 0.011 0.02 0.041 0.066 0.093 0.143 0.216 0.216 0.242 0.286 0.317 0.361 0.362 0.383 0.42 0.399 0.407 0.368 0.377
 0.002 0.011 0.029 0.039 0.069 0.093 0.153 0.175 0.218 0.247 0.281 0.303 0.379 0.306 0.387 0.408 0.406 0.407 0.375 0.399
 0.002 0.006 0.02 0.045 0.07 0.113 0.152 0.205 0.205 0.232 0.302 0.294 0.245 0.359 0.352 0.391 0.42 0.422 0.383 0.399
 0.002 0.006 0.018 0.04 0.071 0.112 0.147 0.208 0.215 0.219 0.272 0.263 0.323 0.255 0.362 0.398 0.419 0.437 0.39 0.399
 0.002 0.006 0.023 0.041 0.072 0.083 0.148 0.174 0.225 0.225 0.232 0.257 0.245 0.325 0.356 0.407 0.417 0.478 0.398 0.399
 0.002 0.006 0.015 0.031 0.041 0.092 0.142 0.155 0.19 0.2 0.239 0.255 0.229 0.262 0.338 0.404 0.425 0.505 0.398 0.399
 0.002 0.006 0.015 0.038 0.034 0.068 0.12 0.163 0.205 0.205 0.23 0.26 0.277 0.269 0.318 0.382 0.406 0.52 0.406 0.399
 0 0.022 0.0291429 0.0657143 0.0738333 0.101467 0.138364 0.189158 0.244 0.232235 0.238308 0.319273 0.344556 0.372471 0.375389 0.396096 0.429556 0.391778 0.573667 0.475222
 0.001 0.0162 0.03232 0.0695 0.09 0.112312 0.166167 0.22075 0.270421 0.225333 0.268857 0.284071 0.298571 0.3005 0.338641 0.366299 0.416852 0.391481 0.470556 0.487407
 0.002 0.0133043 0.0391111 0.0680833 0.1068 0.11025 0.1816 0.162571 0.387 0.277333 0.3904 0.283846 0.298818 0.378286 0.32928 0.410533 0.378474 0.418983 0.393852 0.47518
 0.002 0.0233333 0.04256 0.112 0.2066 0.154222 0.186 0.3165 0.262 0.289667 0.360154 0.302 0.3864 0.338933 0.32376 0.429122 0.357182 0.390446 0.380951 0.413327
 0.002 0.014 0.026 0.0670698 0.148176 0.188571 0.234444 0.2665 0.284 0.302 0.409 0.4024 0.428 0.279714 0.31732 0.383527 0.373338 0.398445 0.396256 0.39875
 0.003 0.00771429 0.0172 0.0463415 0.0982381 0.154412 0.214 0.2215 0.233429 0.2536 0.2436 0.282667 0.335667 0.360667 0.341888 0.362106 0.403843 0.434193 0.455914 0.421891
 0.004 0.00733333 0.0146154 0.037 0.0760606 0.130207 0.183895 0.230571 0.28225 0.241 0.278 0.341333 0.2955 0.2895 0.350232 0.394924 0.403833 0.418664 0.45786 0.42863
 0.004 0.00766667 0.0176667 0.0312727 0.0506667 0.123306 0.151619 0.238647 0.254 0.236 0.351 0.299714 0.325333 0.342 0.3323 0.431419 0.388211 0.41174 0.40982 0.463455
 0.004 0.008 0.0158 0.0305946 0.0566087 0.092 0.159463 0.21336 0.232923 0.234 0.302 0.399 0.343429 0.327 0.360767 0.371584 0.413737 0.401765 0.395473 0.467035
 0.004 0.013 0.029 0.0349524 0.07104 0.1011 0.129391 0.188727 0.26419 0.317455 0.2878 0.38 0.325333 0.2865 0.382256 0.320269 0.419801 0.387866 0.426158 0.453206
 0.004 0.0125 0.034 0.0549286 0.0787857 0.116937 0.178895 0.222632 0.28448 0.284727 0.354909 0.322 0.386 0.4035 0.378085 0.335978 0.401045 0.359233 0.468803 0.475083
 0.004 0.012 0.0152 0.0376667 0.0832 0.140769 0.181333 0.194667 0.2768 0.2948 0.327111 0.296 0.444 0.328333 0.380562 0.371474 0.398793 0.365967 0.489684 0.477425
 0.004 0.008 0.0453333 0.04 0.0916667 0.174333 0.162667 0.207625 0.253818 0.28 0.282667 0.346429 0.367538 0.336 0.393609 0.375825 0.405153 0.413711 0.479061 0.457748
 0.004 0.0144 0.0351429 0.07325 0.11 0.118 0.185 0.198 0.25 0.2432 0.289429 0.340923 0.362 0.4135 0.386092 0.368608 0.407718 0.45707 0.452987 0.455316
 0.004 0.018 0.033625 0.0931579 0.142308 0.146 0.24 0.27 0.2716 0.304267 0.331636 0.389333 0.374571 0.468333 0.381576 0.399286 0.399239 0.522523 0.431573 0.477105
 0.004 0.0193103 0.064 0.08865 0.186938 0.203143 0.179 0.266 0.342 0.271 0.338909 0.332471 0.322133 0.408 0.376357 0.414607 0.420969 0.536008 0.415524 0.513544
 0.0035 0.0120909 0.0475098 0.101062 0.155429 0.203083 0.184 0.2631 0.2976 0.265 0.221333 0.329917 0.305538 0.482778 0.358171 0.391931 0.429628 0.517669 0.445064 0.54471
 0.0035 0.0113571 0.0372 0.101068 0.175167 0.220885 0.24075 0.2602 0.2878 0.3 0.30375 0.476 0.3012 0.353778 0.390424 0.381848 0.398026 0.490756 0.437243 0.557689
 0.0035 0.018 0.041825 0.0898 0.170944 0.224375 0.303909 0.30575 0.278 0.325333 0.3075 0.363 0.412429 0.328556 0.424375 0.386196 0.393075 0.463919 0.421131 0.575792
 0.00675 0.01596 0.0427202 0.0813898 0.160845 0.215304 0.29935 0.350232 0.343833 0.325333 0.31625 0.363 0.376214 0.376778 0.432425 0.383184 0.415958 0.48284 0.458971 0.618285
 0.01 0.01392 0.0436154 0.0729796 0.150745 0.206233 0.294792 0.394714 0.409667 0.3635 0.325 0.339875 0.34 0.425 0.470142 0.396573 0.434503 0.52268 0.508257 0.57991
 0.01 0.01 0.0405217 0.0898298 0.145763 0.212703 0.282216 0.328407 0.36225 0.401667 0.3635 0.31675 0.381 0.425 0.484047 0.399591 0.427306 0.50956 0.476586 0.488161
 0.01 0.01 0.0376667 0.0794737 0.179511 0.204973 0.273986 0.303825 0.325 0.3376 0.3748 0.31675 0.422 0.425 0.438 0.374 0.405667 0.434 0.366 0.43
 0.01 0.01 0.0376667 0.0794737 0.179511 0.204973 0.273986 0.303825 0.325 0.3376 0.3748 0.31675 0.422 0.425 0.438 0.374 0.405667 0.434 0.366 0.43
#maturity
 0 0 0 0 0.001 0.008 0.061 0.2 0.505 0.75 0.888 0.929 0.955 0.979 0.983 0.991 0.996 0.997 0.997 0.997
 0 0 0 0 0.001 0.008 0.061 0.2 0.505 0.75 0.888 0.929 0.955 0.979 0.983 0.991 0.996 0.997 0.997 0.997
 0 0 0 0 0.001 0.008 0.061 0.2 0.505 0.75 0.888 0.929 0.955 0.979 0.983 0.991 0.996 0.997 0.997 0.997
 0 0 0 0 0.001 0.008 0.061 0.2 0.505 0.75 0.888 0.929 0.955 0.979 0.983 0.991 0.996 0.997 0.997 0.997
 0 0 0 0 0.001 0.008 0.061 0.2 0.505 0.75 0.888 0.929 0.955 0.979 0.983 0.991 0.996 0.997 0.997 0.997
 0 0 0 0 0.001 0.008 0.061 0.2 0.505 0.75 0.888 0.929 0.955 0.979 0.983 0.991 0.996 0.997 0.997 0.997
 0 0 0 0 0.001 0.008 0.061 0.2 0.505 0.75 0.888 0.929 0.955 0.979 0.983 0.991 0.996 0.997 0.997 0.997
 0 0 0 0 0.001 0.008 0.061 0.2 0.505 0.75 0.888 0.929 0.955 0.979 0.983 0.991 0.996 0.997 0.997 0.997
 0 0 0 0 0.001 0.008 0.061 0.2 0.505 0.75 0.888 0.929 0.955 0.979 0.983 0.991 0.996 0.997 0.997 0.997
 0 0 0 0 0.001 0.008 0.061 0.2 0.505 0.75 0.888 0.929 0.955 0.979 0.983 0.991 0.996 0.997 0.997 0.997
 0 0 0 0 0.001 0.008 0.061 0.2 0.505 0.75 0.888 0.929 0.955 0.979 0.983 0.991 0.996 0.997 0.997 0.997
 0 0 0 0 0.001 0.008 0.061 0.2 0.505 0.75 0.888 0.929 0.955 0.979 0.983 0.991 0.996 0.997 0.997 0.997
 0 0 0 0 0.001 0.008 0.061 0.2 0.505 0.75 0.888 0.929 0.955 0.979 0.983 0.991 0.996 0.997 0.997 0.997
 0 0 0 0 0.001 0.008 0.061 0.2 0.505 0.75 0.888 0.929 0.955 0.979 0.983 0.991 0.996 0.997 0.997 0.997
 0 0 0 0 0.001 0.008 0.061 0.2 0.505 0.75 0.888 0.929 0.955 0.979 0.983 0.991 0.996 0.997 0.997 0.997
 0 0 0 0 0.001 0.008 0.061 0.2 0.505 0.75 0.888 0.929 0.955 0.979 0.983 0.991 0.996 0.997 0.997 0.997
 0 0 0 0 0.001 0.008 0.061 0.2 0.505 0.75 0.888 0.929 0.955 0.979 0.983 0.991 0.996 0.997 0.997 0.997
 0 0 0 0 0.001 0.008 0.061 0.2 0.505 0.75 0.888 0.929 0.955 0.979 0.983 0.991 0.996 0.997 0.997 0.997
 0 0 0 0 0.001 0.008 0.061 0.2 0.505 0.75 0.888 0.929 0.955 0.979 0.983 0.991 0.996 0.997 0.997 0.997
 0 0 0 0 0.001 0.008 0.061 0.2 0.505 0.75 0.888 0.929 0.955 0.979 0.983 0.991 0.996 0.997 0.997 0.997
 0 0 0 0 0.001 0.008 0.061 0.2 0.505 0.75 0.888 0.929 0.955 0.979 0.983 0.991 0.996 0.997 0.997 0.997
 0 0 0 0 0.001 0.008 0.061 0.2 0.505 0.75 0.888 0.929 0.955 0.979 0.983 0.991 0.996 0.997 0.997 0.997
 0 0 0 0 0.001 0.008 0.061 0.2 0.505 0.75 0.888 0.929 0.955 0.979 0.983 0.991 0.996 0.997 0.997 0.997
 0 0 0 0 0.001 0.008 0.061 0.2 0.505 0.75 0.888 0.929 0.955 0.979 0.983 0.991 0.996 0.997 0.997 0.997
 0 0 0 0 0.001 0.008 0.061 0.2 0.505 0.75 0.888 0.929 0.955 0.979 0.983 0.991 0.996 0.997 0.997 0.997
 0 0 0 0 0.001 0.008 0.061 0.2 0.505 0.75 0.888 0.929 0.955 0.979 0.983 0.991 0.996 0.997 0.997 0.997
 0 0 0 0 0.001 0.008 0.061 0.2 0.505 0.75 0.888 0.929 0.955 0.979 0.983 0.991 0.996 0.997 0.997 0.997
 0 0 0 0 0.001 0.008 0.061 0.2 0.505 0.75 0.888 0.929 0.955 0.979 0.983 0.991 0.996 0.997 0.997 0.997
 0 0 0 0 0.001 0.008 0.061 0.2 0.505 0.75 0.888 0.929 0.955 0.979 0.983 0.991 0.996 0.997 0.997 0.997
 0 0 0 0 0.001 0.008 0.061 0.2 0.505 0.75 0.888 0.929 0.955 0.979 0.983 0.991 0.996 0.997 0.997 0.997
 0 0 0 0 0.001 0.008 0.061 0.2 0.505 0.75 0.888 0.929 0.955 0.979 0.983 0.991 0.996 0.997 0.997 0.997
 0 0 0 0 0.001 0.008 0.061 0.2 0.505 0.75 0.888 0.929 0.955 0.979 0.983 0.991 0.996 0.997 0.997 0.997
 0 0 0 0 0.001 0.008 0.061 0.2 0.505 0.75 0.888 0.929 0.955 0.979 0.983 0.991 0.996 0.997 0.997 0.997
 0 0 0 0 0.001 0.008 0.061 0.2 0.505 0.75 0.888 0.929 0.955 0.979 0.983 0.991 0.996 0.997 0.997 0.997
 0 0 0 0 0.001 0.008 0.061 0.2 0.505 0.75 0.888 0.929 0.955 0.979 0.983 0.991 0.996 0.997 0.997 0.997
 0 0 0 0 0.001 0.008 0.061 0.2 0.505 0.75 0.888 0.929 0.955 0.979 0.983 0.991 0.996 0.997 0.997 0.997
 0 0 0 0 0.001 0.008 0.061 0.2 0.505 0.75 0.888 0.929 0.955 0.979 0.983 0.991 0.996 0.997 0.997 0.997
 0 0 0 0 0.001 0.008 0.061 0.2 0.505 0.75 0.888 0.929 0.955 0.979 0.983 0.991 0.996 0.997 0.997 0.997
 0 0 0 0 0.001 0.008 0.061 0.2 0.505 0.75 0.888 0.929 0.955 0.979 0.983 0.991 0.996 0.997 0.997 0.997
 0 0 0 0 0.001 0.008 0.061 0.2 0.505 0.75 0.888 0.929 0.955 0.979 0.983 0.991 0.996 0.997 0.997 0.997
 0 0 0 0 0.001 0.008 0.061 0.2 0.505 0.75 0.888 0.929 0.955 0.979 0.983 0.991 0.996 0.997 0.997 0.997
 0 0 0 0 0.001 0.008 0.061 0.2 0.505 0.75 0.888 0.929 0.955 0.979 0.983 0.991 0.996 0.997 0.997 0.997
 0 0 0 0 0.001 0.008 0.061 0.2 0.505 0.75 0.888 0.929 0.955 0.979 0.983 0.991 0.996 0.997 0.997 0.997
 0 0 0 0 0.001 0.008 0.061 0.2 0.505 0.75 0.888 0.929 0.955 0.979 0.983 0.991 0.996 0.997 0.997 0.997
 0 0 0 0 0.001 0.008 0.061 0.2 0.505 0.75 0.888 0.929 0.955 0.979 0.983 0.991 0.996 0.997 0.997 0.997
 0 0 0 0 0.001 0.008 0.061 0.2 0.505 0.75 0.888 0.929 0.955 0.979 0.983 0.991 0.996 0.997 0.997 0.997
 0 0 0 0 0.001 0.008 0.061 0.2 0.505 0.75 0.888 0.929 0.955 0.979 0.983 0.991 0.996 0.997 0.997 0.997
 0 0 0 0 0.001 0.008 0.061 0.2 0.505 0.75 0.888 0.929 0.955 0.979 0.983 0.991 0.996 0.997 0.997 0.997
 0 0 0 0 0.001 0.008 0.061 0.2 0.505 0.75 0.888 0.929 0.955 0.979 0.983 0.991 0.996 0.997 0.997 0.997
 0 0 0 0 0.001 0.008 0.061 0.2 0.505 0.75 0.888 0.929 0.955 0.979 0.983 0.991 0.996 0.997 0.997 0.997
#init_age_comp
1
#n_env_cov
 0
#env_cov

#spawnmo
2
#srv_mo
 7
#n_wts
 2 24 40 49 87 77 57 79 39 44 42 53 53 41 19 16 12 4 4 16
 0 1 3 29 43 94 95 45 60 45 38 61 55 43 51 20 13 10 0 20
 0 0 11 55 82 79 79 61 53 56 58 38 42 43 53 34 21 12 5 34
 0 0 5 33 89 125 60 80 67 38 45 41 37 40 44 42 24 20 3 42
 0 0 2 9 40 86 162 53 66 48 46 34 39 30 35 27 32 11 12 27
 0 0 1 20 26 173 89 122 45 39 42 31 34 22 24 29 24 23 25 29
 0 0 2 3 52 7 146 69 51 12 19 15 18 31 19 10 12 12 16 10
 0 0 1 6 27 121 31 199 89 59 13 16 27 19 28 17 10 8 22 17
 0 0 2 18 27 62 151 31 187 58 56 12 13 17 9 26 21 13 14 26
 0 0 1 20 44 19 45 134 15 170 38 57 11 17 12 19 24 18 7 19
 0 0 1 31 57 54 23 26 91 11 98 14 32 11 14 19 12 18 12 19
 0 0 3 11 36 58 32 21 21 111 8 93 15 17 8 9 13 16 8 9
 0 2 6 9 17 45 78 45 32 21 94 1 61 5 25 10 5 8 16 10
 0 0 3 35 33 26 79 67 22 21 7 85 3 96 13 12 18 11 14 12
 0 0 5 16 122 36 28 44 43 28 17 21 71 14 89 15 12 16 15 15
 0 0 10 40 51 84 21 18 37 18 11 16 12 46 6 30 7 11 8 30
 0 0 7 15 41 49 101 31 27 32 35 33 15 16 21 9 40 20 14 9
 0 0 2 32 48 55 57 176 33 25 57 42 26 12 16 32 20 41 21 32
 0 0 1 4 29 23 28 63 92 20 30 25 21 12 15 16 24 24 30 16
 0 2 1 15 31 80 42 59 64 88 34 11 21 13 11 17 11 21 8 17
 0 0 11 22 28 45 120 56 55 43 75 32 15 32 19 20 14 15 23 20
 0 0 6 24 43 42 41 158 35 44 24 36 17 9 20 18 13 11 14 18
 1 13 24 42 89 81 42 40 112 24 15 20 24 12 5 20 19 12 9 20
 0 6 27 48 31 71 59 26 47 94 15 12 15 20 10 7 16 11 12 7
 0 1 20 40 44 28 48 34 18 22 41 9 10 9 8 9 3 8 12 9
 0 1 13 105 73 79 47 83 39 19 32 57 15 19 16 12 14 18 16 12
 0 0 4 16 119 102 99 68 75 34 21 35 53 16 11 11 20 11 13 11
 0 1 7 18 27 144 90 95 48 39 38 18 17 35 13 9 7 10 14 9
 0 0 9 45 70 66 149 82 80 32 35 21 15 16 23 14 8 14 21 11
 0 0 9 45 70 66 149 82 80 32 35 21 15 16 23 14 8 14 21 11
 0 0 9 45 70 66 149 82 80 32 35 21 15 16 23 14 8 14 21 11
#growth_cov
 0.4 0.413158 0.0831579 -0.186842 1.14316 1.17316 0.423158 0.743158 0.583158 0.493158 0.113158 0.383158 0.373158 0.303158 1.21316 0.543158 0.753158 0.483158 -0.986842 -0.586842 -0.296842 0.443158 -0.526842 -1.14684 0.573158 1.14316 1.21316 0.973158 1.57316 -0.756842 0.463158 -0.756842 -0.966842 -0.896842 0.343158 -0.226842 -0.0768421 -0.216842 -0.346842 -0.616842 0.703158 -0.486842 -0.776842 0.363158 0 0 0 0 0 0
