1 0 0 0 0 0 0 0 0 0 0 0 0 0
1 0 0 0 0 0 0 0 0 0 0 0 0 0
1 0 0 0 0 0 0 0 0 0 0 0 0 0
1 0 0 0 0 0 0 0 0 0 0 0 0 0
1 0 0 0 0 0 0 0 0 0 0 0 0 0
1 0 0 0 0 0 0 0 0 0 0 0 0 0
1 0 0 0 0 0 0 0 0 0 0 0 0 0
1 0 0 0 0 0 0 0 0 0 0 0 0 0
1 0 0 0 0 0 0 0 0 0 0 0 0 0
1 0 0 0 0 0 0 0 0 0 0 0 0 0
0.666666666666667 0.333333333333333 0 0 0 0 0 0 0 0 0 0 0 0
1 0 0 0 0 0 0 0 0 0 0 0 0 0
1 0 0 0 0 0 0 0 0 0 0 0 0 0
0.8 0.2 0 0 0 0 0 0 0 0 0 0 0 0
0.4 0.6 0 0 0 0 0 0 0 0 0 0 0 0
0.25 0.75 0 0 0 0 0 0 0 0 0 0 0 0
0.166666666666667 0.833333333333333 0 0 0 0 0 0 0 0 0 0 0 0
0 0.888888888888889 0.111111111111111 0 0 0 0 0 0 0 0 0 0 0
0 0.818181818181818 0.0909090909090909 0.0909090909090909 0 0 0 0 0 0 0 0 0 0
0 0.692307692307692 0.307692307692308 0 0 0 0 0 0 0 0 0 0 0
0 0.642857142857143 0.285714285714286 0.0714285714285714 0 0 0 0 0 0 0 0 0 0
0 0.416666666666667 0.541666666666667 0.0416666666666667 0 0 0 0 0 0 0 0 0 0
0.0476190476190476 0.476190476190476 0.476190476190476 0 0 0 0 0 0 0 0 0 0 0
0 0.423076923076923 0.461538461538462 0.0384615384615385 0.0769230769230769 0 0 0 0 0 0 0 0 0
0 0.241379310344828 0.482758620689655 0.275862068965517 0 0 0 0 0 0 0 0 0 0
0 0.204545454545455 0.522727272727273 0.204545454545455 0.0454545454545455 0.0227272727272727 0 0 0 0 0 0 0 0
0 0.145833333333333 0.458333333333333 0.354166666666667 0.0416666666666667 0 0 0 0 0 0 0 0 0
0 0.0666666666666667 0.65 0.283333333333333 0 0 0 0 0 0 0 0 0 0
0 0.0461538461538462 0.353846153846154 0.384615384615385 0.215384615384615 0 0 0 0 0 0 0 0 0
0 0.0410958904109589 0.342465753424658 0.328767123287671 0.26027397260274 0.0273972602739726 0 0 0 0 0 0 0 0
0 0 0.25 0.25 0.460526315789474 0.0394736842105263 0 0 0 0 0 0 0 0
0 0.0113636363636364 0.227272727272727 0.261363636363636 0.443181818181818 0.0568181818181818 0 0 0 0 0 0 0 0
0 0.0169491525423729 0.11864406779661 0.355932203389831 0.440677966101695 0.0677966101694915 0 0 0 0 0 0 0 0
0 0 0.100840336134454 0.260504201680672 0.529411764705882 0.100840336134454 0.00840336134453781 0 0 0 0 0 0 0
0 0 0.0630630630630631 0.315315315315315 0.495495495495495 0.108108108108108 0.018018018018018 0 0 0 0 0 0 0
0 0 0.0505050505050505 0.313131313131313 0.474747474747475 0.121212121212121 0.0404040404040404 0 0 0 0 0 0 0
0 0 0.0116279069767442 0.22093023255814 0.5 0.267441860465116 0 0 0 0 0 0 0 0
0 0.0087719298245614 0.043859649122807 0.0789473684210526 0.456140350877193 0.350877192982456 0.0526315789473684 0.0087719298245614 0 0 0 0 0 0
0 0 0.0196078431372549 0.166666666666667 0.490196078431373 0.274509803921569 0.0490196078431373 0 0 0 0 0 0 0
0 0 0 0.129032258064516 0.516129032258065 0.32258064516129 0.021505376344086 0.010752688172043 0 0 0 0 0 0
0 0 0.018018018018018 0.0900900900900901 0.45045045045045 0.324324324324324 0.0720720720720721 0.036036036036036 0.00900900900900901 0 0 0 0 0
0 0 0.0253164556962025 0.0506329113924051 0.392405063291139 0.379746835443038 0.10126582278481 0.0379746835443038 0.0126582278481013 0 0 0 0 0
0 0 0 0.0666666666666667 0.333333333333333 0.413333333333333 0.133333333333333 0.04 0 0.0133333333333333 0 0 0 0
0 0 0 0.0483870967741935 0.258064516129032 0.451612903225806 0.145161290322581 0.0967741935483871 0 0 0 0 0 0
0 0 0.0142857142857143 0.0571428571428571 0.2 0.271428571428571 0.228571428571429 0.171428571428571 0.0142857142857143 0.0142857142857143 0.0285714285714286 0 0 0
0 0 0 0.0410958904109589 0.232876712328767 0.315068493150685 0.205479452054795 0.0821917808219178 0.0958904109589041 0 0.0136986301369863 0.0136986301369863 0 0
0 0 0 0.0377358490566038 0.207547169811321 0.188679245283019 0.245283018867925 0.207547169811321 0.0754716981132075 0.0188679245283019 0.0188679245283019 0 0 0
0 0 0 0.0149253731343284 0.164179104477612 0.164179104477612 0.194029850746269 0.298507462686567 0.0597014925373134 0.0746268656716418 0.0298507462686567 0 0 0
0 0 0 0 0.132075471698113 0.264150943396226 0.169811320754717 0.0943396226415094 0.150943396226415 0.0943396226415094 0.0566037735849057 0.0188679245283019 0.0188679245283019 0
0 0 0 0.0392156862745098 0.176470588235294 0.254901960784314 0.235294117647059 0.137254901960784 0.0784313725490196 0.0588235294117647 0.0196078431372549 0 0 0
0 0 0 0 0.111111111111111 0.0888888888888889 0.133333333333333 0.288888888888889 0.177777777777778 0.0666666666666667 0.111111111111111 0.0222222222222222 0 0
0 0 0 0 0.0434782608695652 0.130434782608696 0.195652173913043 0.173913043478261 0.152173913043478 0.130434782608696 0.130434782608696 0 0.0217391304347826 0.0217391304347826
0 0 0 0 0.0416666666666667 0.145833333333333 0.166666666666667 0.1875 0.1875 0.104166666666667 0.0625 0.0625 0.0416666666666667 0
0 0 0 0 0.0208333333333333 0.0416666666666667 0.125 0.1875 0.145833333333333 0.270833333333333 0.125 0.0833333333333333 0 0
0 0 0 0 0.0232558139534884 0.0930232558139535 0.0465116279069767 0.13953488372093 0.186046511627907 0.325581395348837 0.116279069767442 0.0232558139534884 0.0232558139534884 0.0232558139534884
0 0 0 0 0.03125 0 0.0625 0.15625 0.21875 0.28125 0.1875 0.03125 0 0.03125
0 0 0 0 0 0.0344827586206897 0.103448275862069 0.103448275862069 0.103448275862069 0.137931034482759 0.379310344827586 0.103448275862069 0.0344827586206897 0
0 0 0 0 0 0.0625 0.15625 0.09375 0.03125 0.25 0.21875 0.15625 0 0.03125
0 0 0 0 0.0256410256410256 0.0769230769230769 0.153846153846154 0.128205128205128 0.102564102564103 0.153846153846154 0.179487179487179 0.153846153846154 0 0.0256410256410256
0 0 0 0 0 0.0344827586206897 0.0344827586206897 0.0689655172413793 0.0689655172413793 0.448275862068966 0.103448275862069 0.0689655172413793 0.137931034482759 0.0344827586206897
0 0 0 0 0 0 0 0.04 0.08 0.24 0.2 0.24 0.04 0.16
0 0 0 0 0 0.03125 0.0625 0.03125 0.03125 0.1875 0.28125 0.03125 0.15625 0.1875
0 0 0 0 0 0 0.0769230769230769 0.153846153846154 0.230769230769231 0.153846153846154 0.115384615384615 0.115384615384615 0.0384615384615385 0.115384615384615
0 0 0 0 0 0 0.032258064516129 0.0645161290322581 0.0967741935483871 0.225806451612903 0.161290322580645 0.0967741935483871 0.0645161290322581 0.258064516129032
0 0 0 0 0 0 0 0.0333333333333333 0.133333333333333 0.0333333333333333 0.2 0.166666666666667 0.133333333333333 0.3
0 0 0 0 0 0.0588235294117647 0 0.0588235294117647 0.176470588235294 0.117647058823529 0.294117647058824 0.117647058823529 0 0.176470588235294
0 0 0 0 0 0 0 0.0434782608695652 0.130434782608696 0.260869565217391 0.130434782608696 0.130434782608696 0.0869565217391304 0.217391304347826
0 0 0 0 0 0 0.0434782608695652 0 0.173913043478261 0.130434782608696 0.173913043478261 0.0869565217391304 0.173913043478261 0.217391304347826
0 0 0 0 0 0 0.0434782608695652 0 0.0434782608695652 0.173913043478261 0.217391304347826 0.173913043478261 0 0.347826086956522
0 0 0 0 0 0 0.0625 0 0.0625 0.25 0.25 0.0625 0.0625 0.25
0 0 0 0 0 0.0833333333333333 0 0 0.166666666666667 0.0833333333333333 0.0833333333333333 0.166666666666667 0.166666666666667 0.25
0 0 0 0 0 0 0 0 0.0454545454545455 0.136363636363636 0.0909090909090909 0.227272727272727 0.0909090909090909 0.409090909090909
0 0 0 0 0 0.0769230769230769 0 0.230769230769231 0 0 0.230769230769231 0.153846153846154 0.0769230769230769 0.230769230769231
0 0 0 0 0 0 0 0 0.111111111111111 0 0.333333333333333 0.333333333333333 0.111111111111111 0.111111111111111
0 0 0 0 0 0 0.142857142857143 0 0 0.142857142857143 0.285714285714286 0 0 0.428571428571429
0 0 0 0 0 0 0 0 0.142857142857143 0.142857142857143 0.285714285714286 0 0.142857142857143 0.285714285714286
0 0 0 0 0 0 0.125 0 0.25 0.125 0 0.125 0 0.375
0 0 0 0 0 0 0 0.2 0 0 0.2 0.2 0 0.4
0 0 0 0 0 0 0 0 0.166666666666667 0.333333333333333 0 0.166666666666667 0.166666666666667 0.166666666666667
0 0 0 0 0 0 0 0 0 0.111111111111111 0.222222222222222 0.111111111111111 0.222222222222222 0.333333333333333
0 0 0 0 0 0 0 0 0 0 0.428571428571429 0 0.285714285714286 0.285714285714286
0 0 0 0 0 0 0 0 0.333333333333333 0.333333333333333 0 0 0.333333333333333 0
0 0 0 0 0 0 0 0.166666666666667 0 0 0.5 0.166666666666667 0.166666666666667 0
0 0 0 0 0 0 0 0 0 0 1 0 0 0
0 0 0 0 0 0 0 0 0 0 1 0 0 0
0 0 0 0 0 0 0 0.0645161290322581 0.0967741935483871 0.258064516129032 0.032258064516129 0.161290322580645 0.129032258064516 0.258064516129032
