1 0 0 0 0 0 0 0 0 0 0 0 0 0
1 0 0 0 0 0 0 0 0 0 0 0 0 0
0.933333333333333 0.0666666666666667 0 0 0 0 0 0 0 0 0 0 0 0
0.863636363636364 0.0909090909090909 0.0454545454545455 0 0 0 0 0 0 0 0 0 0 0
0.864406779661017 0.135593220338983 0 0 0 0 0 0 0 0 0 0 0 0
0.916666666666667 0.0714285714285714 0.0119047619047619 0 0 0 0 0 0 0 0 0 0 0
0.951219512195122 0.0487804878048781 0 0 0 0 0 0 0 0 0 0 0 0
0.905982905982906 0.094017094017094 0 0 0 0 0 0 0 0 0 0 0 0
0.884297520661157 0.115702479338843 0 0 0 0 0 0 0 0 0 0 0 0
0.870967741935484 0.129032258064516 0 0 0 0 0 0 0 0 0 0 0 0
0.834782608695652 0.156521739130435 0.00869565217391304 0 0 0 0 0 0 0 0 0 0 0
0.715447154471545 0.268292682926829 0.00813008130081301 0 0 0 0 0 0 0 0 0.00813008130081301 0 0
0.614864864864865 0.385135135135135 0 0 0 0 0 0 0 0 0 0 0 0
0.5546875 0.3984375 0.0390625 0.0078125 0 0 0 0 0 0 0 0 0 0
0.454545454545455 0.479338842975207 0.0661157024793388 0 0 0 0 0 0 0 0 0 0 0
0.28099173553719 0.586776859504132 0.132231404958678 0 0 0 0 0 0 0 0 0 0 0
0.162790697674419 0.744186046511628 0.0930232558139535 0 0 0 0 0 0 0 0 0 0 0
0.165562913907285 0.721854304635762 0.112582781456954 0 0 0 0 0 0 0 0 0 0 0
0.0666666666666667 0.716666666666667 0.211111111111111 0.00555555555555556 0 0 0 0 0 0 0 0 0 0
0.0489130434782609 0.782608695652174 0.168478260869565 0 0 0 0 0 0 0 0 0 0 0
0.00398406374501992 0.665338645418327 0.302788844621514 0.0199203187250996 0.00398406374501992 0.00398406374501992 0 0 0 0 0 0 0 0
0.0136986301369863 0.623287671232877 0.345890410958904 0.0136986301369863 0 0 0 0 0.00342465753424658 0 0 0 0 0
0.00554016620498615 0.650969529085873 0.315789473684211 0.0277008310249307 0 0 0 0 0 0 0 0 0 0
0.00520833333333333 0.557291666666667 0.385416666666667 0.046875 0.00520833333333333 0 0 0 0 0 0 0 0 0
0.0106100795755968 0.474801061007958 0.437665782493369 0.0663129973474801 0.0106100795755968 0 0 0 0 0 0 0 0 0
0 0.405479452054795 0.498630136986301 0.0794520547945206 0.0136986301369863 0.00273972602739726 0 0 0 0 0 0 0 0
0 0.34593023255814 0.47093023255814 0.165697674418605 0.0145348837209302 0 0.00290697674418605 0 0 0 0 0 0 0
0.00263157894736842 0.223684210526316 0.565789473684211 0.197368421052632 0.0105263157894737 0 0 0 0 0 0 0 0 0
0.0025706940874036 0.177377892030848 0.511568123393316 0.25706940874036 0.0488431876606684 0.0025706940874036 0 0 0 0 0 0 0 0
0 0.128329297820823 0.506053268765133 0.280871670702179 0.0750605326876513 0.00968523002421308 0 0 0 0 0 0 0 0
0.00223713646532438 0.0760626398210291 0.465324384787472 0.335570469798658 0.111856823266219 0.00894854586129754 0 0 0 0 0 0 0 0
0.00213219616204691 0.0618336886993603 0.447761194029851 0.35181236673774 0.119402985074627 0.0170575692963753 0 0 0 0 0 0 0 0
0.00193050193050193 0.0308880308880309 0.403474903474904 0.38996138996139 0.150579150579151 0.0193050193050193 0.00193050193050193 0 0 0 0 0 0.00193050193050193 0
0 0.0396659707724426 0.319415448851775 0.373695198329854 0.221294363256785 0.0396659707724426 0.00626304801670146 0 0 0 0 0 0 0
0 0.0254777070063694 0.292993630573248 0.420382165605096 0.205944798301486 0.0445859872611465 0.00849256900212314 0.00212314225053079 0 0 0 0 0 0
0 0.0125786163522013 0.245283018867925 0.433962264150943 0.209643605870021 0.0691823899371069 0.0272536687631027 0.00209643605870021 0 0 0 0 0 0
0 0.00936768149882904 0.161592505854801 0.386416861826698 0.276346604215457 0.140515222482436 0.0163934426229508 0.00468384074941452 0.00234192037470726 0.00234192037470726 0 0 0 0
0 0.00656455142231947 0.146608315098468 0.317286652078775 0.291028446389497 0.179431072210066 0.050328227571116 0.0087527352297593 0 0 0 0 0 0
0 0.00943396226415094 0.127358490566038 0.292452830188679 0.330188679245283 0.179245283018868 0.0495283018867925 0.0117924528301887 0 0 0 0 0 0
0 0.00232558139534884 0.118604651162791 0.272093023255814 0.332558139534884 0.188372093023256 0.0581395348837209 0.027906976744186 0 0 0 0 0 0
0 0.00925925925925926 0.0902777777777778 0.275462962962963 0.303240740740741 0.210648148148148 0.0671296296296296 0.0347222222222222 0.00925925925925926 0 0 0 0 0
0 0 0.0606060606060606 0.20959595959596 0.318181818181818 0.222222222222222 0.113636363636364 0.0631313131313131 0.00505050505050505 0.00505050505050505 0.00252525252525253 0 0 0
0 0 0.038265306122449 0.170918367346939 0.295918367346939 0.298469387755102 0.10969387755102 0.0586734693877551 0.0076530612244898 0.0153061224489796 0.00255102040816327 0 0 0.00255102040816327
0 0.00231481481481481 0.0416666666666667 0.143518518518519 0.240740740740741 0.291666666666667 0.168981481481481 0.0833333333333333 0.0208333333333333 0.00462962962962963 0.00231481481481481 0 0 0
0 0 0.0281329923273657 0.135549872122762 0.225063938618926 0.289002557544757 0.173913043478261 0.0946291560102302 0.0281329923273657 0.0179028132992327 0.00767263427109974 0 0 0
0 0 0.0165876777251185 0.0734597156398104 0.210900473933649 0.286729857819905 0.208530805687204 0.113744075829384 0.0639810426540284 0.00947867298578199 0.0118483412322275 0.004739336492891 0 0
0 0.00506329113924051 0.00759493670886076 0.0987341772151899 0.169620253164557 0.270886075949367 0.230379746835443 0.118987341772152 0.0531645569620253 0.020253164556962 0.0177215189873418 0 0.00506329113924051 0.00253164556962025
0 0 0.0116279069767442 0.0604651162790698 0.174418604651163 0.241860465116279 0.211627906976744 0.181395348837209 0.0697674418604651 0.0325581395348837 0.0162790697674419 0 0 0
0 0 0.00246913580246914 0.0518518518518519 0.140740740740741 0.241975308641975 0.234567901234568 0.165432098765432 0.0864197530864197 0.0469135802469136 0.0172839506172839 0.00987654320987654 0.00246913580246914 0
0 0 0.0191256830601093 0.0437158469945355 0.120218579234973 0.221311475409836 0.215846994535519 0.172131147540984 0.0846994535519126 0.0737704918032787 0.0273224043715847 0.0136612021857923 0 0.00819672131147541
0 0 0 0.0260869565217391 0.11304347826087 0.185507246376812 0.217391304347826 0.220289855072464 0.11304347826087 0.0695652173913043 0.0289855072463768 0.0173913043478261 0.00579710144927536 0.00289855072463768
0 0.00271739130434783 0 0.0298913043478261 0.0842391304347826 0.198369565217391 0.22554347826087 0.190217391304348 0.103260869565217 0.0815217391304348 0.0597826086956522 0.0108695652173913 0.00815217391304348 0.00543478260869565
0 0 0 0.00828729281767956 0.104972375690608 0.151933701657459 0.18232044198895 0.218232044198895 0.146408839779006 0.074585635359116 0.0607734806629834 0.0248618784530387 0.0193370165745856 0.00828729281767956
0 0 0 0.0188679245283019 0.050314465408805 0.119496855345912 0.223270440251572 0.220125786163522 0.125786163522013 0.106918238993711 0.0566037735849057 0.0471698113207547 0.00943396226415094 0.0220125786163522
0 0 0 0.00943396226415094 0.050314465408805 0.0974842767295598 0.191823899371069 0.20125786163522 0.157232704402516 0.119496855345912 0.0943396226415094 0.0534591194968553 0.00628930817610063 0.0188679245283019
0 0 0 0.00325732899022801 0.0456026058631922 0.0977198697068404 0.192182410423453 0.195439739413681 0.140065146579805 0.127035830618893 0.11400651465798 0.0325732899022801 0.0162866449511401 0.0358306188925081
0 0 0 0.00757575757575758 0.0606060606060606 0.125 0.0984848484848485 0.204545454545455 0.166666666666667 0.117424242424242 0.106060606060606 0.0454545454545455 0.0265151515151515 0.0416666666666667
0 0 0 0.00436681222707424 0.0305676855895196 0.0698689956331878 0.161572052401747 0.161572052401747 0.122270742358079 0.152838427947598 0.117903930131004 0.0873362445414847 0.0393013100436681 0.0524017467248908
0 0 0 0.00746268656716418 0.0335820895522388 0.0634328358208955 0.16044776119403 0.175373134328358 0.141791044776119 0.104477611940299 0.108208955223881 0.0858208955223881 0.041044776119403 0.0783582089552239
0 0 0 0 0.0193050193050193 0.0849420849420849 0.0810810810810811 0.146718146718147 0.115830115830116 0.162162162162162 0.166023166023166 0.0810810810810811 0.0810810810810811 0.0617760617760618
0 0 0 0 0.0311111111111111 0.0444444444444444 0.0977777777777778 0.146666666666667 0.137777777777778 0.142222222222222 0.124444444444444 0.111111111111111 0.0488888888888889 0.115555555555556
0 0 0 0.00796812749003984 0.0159362549800797 0.0438247011952191 0.0756972111553785 0.135458167330677 0.0876494023904383 0.123505976095618 0.155378486055777 0.0796812749003984 0.0836653386454183 0.191235059760956
0 0 0 0 0.00865800865800866 0.0562770562770563 0.0692640692640693 0.112554112554113 0.125541125541126 0.168831168831169 0.138528138528139 0.0995670995670996 0.051948051948052 0.168831168831169
0 0 0 0.0145631067961165 0.00485436893203883 0.0339805825242718 0.0825242718446602 0.111650485436893 0.087378640776699 0.121359223300971 0.140776699029126 0.0922330097087379 0.0970873786407767 0.213592233009709
0 0 0 0 0.0132743362831858 0.0398230088495575 0.0176991150442478 0.079646017699115 0.115044247787611 0.115044247787611 0.115044247787611 0.0973451327433628 0.106194690265487 0.300884955752212
0 0 0 0 0 0.0518134715025907 0.0362694300518135 0.113989637305699 0.0673575129533679 0.124352331606218 0.150259067357513 0.103626943005181 0.0621761658031088 0.290155440414508
0 0 0 0 0.00980392156862745 0.053921568627451 0.0637254901960784 0.0882352941176471 0.102941176470588 0.117647058823529 0.112745098039216 0.0784313725490196 0.0833333333333333 0.28921568627451
0 0 0 0.00606060606060606 0 0.0303030303030303 0.0545454545454545 0.103030303030303 0.127272727272727 0.139393939393939 0.109090909090909 0.0909090909090909 0.0727272727272727 0.266666666666667
0 0 0 0 0.00709219858156028 0.0212765957446809 0.0212765957446809 0.0780141843971631 0.0638297872340425 0.163120567375887 0.148936170212766 0.0780141843971631 0.0638297872340425 0.354609929078014
0 0 0 0 0.0138888888888889 0.0208333333333333 0.0694444444444444 0.0555555555555556 0.104166666666667 0.118055555555556 0.125 0.0833333333333333 0.0833333333333333 0.326388888888889
0 0 0 0 0.00840336134453781 0.0336134453781513 0.0168067226890756 0.0672268907563025 0.0840336134453782 0.134453781512605 0.168067226890756 0.0840336134453782 0.100840336134454 0.302521008403361
0 0 0 0.00719424460431655 0 0.0215827338129496 0.0575539568345324 0.0575539568345324 0.0863309352517986 0.115107913669065 0.100719424460432 0.0863309352517986 0.0575539568345324 0.410071942446043
0 0 0 0 0 0.0495049504950495 0.0198019801980198 0.0693069306930693 0.0594059405940594 0.128712871287129 0.118811881188119 0.128712871287129 0.099009900990099 0.326732673267327
0 0 0 0 0 0 0.0111111111111111 0.0777777777777778 0.0555555555555556 0.0666666666666667 0.155555555555556 0.2 0.111111111111111 0.322222222222222
0 0 0 0 0.0125 0 0.0125 0.025 0.05 0.1625 0.075 0.0875 0.075 0.5
0 0 0 0 0 0.0512820512820513 0.0512820512820513 0.0897435897435897 0.0384615384615385 0.0897435897435897 0.128205128205128 0.0641025641025641 0.141025641025641 0.346153846153846
0 0 0 0 0.0128205128205128 0.0256410256410256 0.0384615384615385 0.0769230769230769 0.0256410256410256 0.0641025641025641 0.0769230769230769 0.179487179487179 0.0256410256410256 0.474358974358974
0 0 0 0 0 0.0144927536231884 0.0434782608695652 0.0579710144927536 0.0434782608695652 0.144927536231884 0.0869565217391304 0.130434782608696 0.0869565217391304 0.391304347826087
0 0 0 0.0147058823529412 0 0.0147058823529412 0 0.0441176470588235 0.0735294117647059 0.0882352941176471 0.132352941176471 0.132352941176471 0.102941176470588 0.397058823529412
0 0 0 0 0 0 0.0441176470588235 0.0588235294117647 0.0294117647058824 0.161764705882353 0.0588235294117647 0.117647058823529 0.132352941176471 0.397058823529412
0 0 0 0 0 0 0.0185185185185185 0.0925925925925926 0.0740740740740741 0.111111111111111 0.0925925925925926 0.0925925925925926 0.0555555555555556 0.462962962962963
0 0 0 0 0 0 0.0232558139534884 0.0697674418604651 0.0465116279069767 0.116279069767442 0.116279069767442 0.0697674418604651 0.116279069767442 0.441860465116279
0 0 0 0 0 0 0.0526315789473684 0.0789473684210526 0.0526315789473684 0.0526315789473684 0.131578947368421 0.0789473684210526 0.105263157894737 0.447368421052632
0 0 0 0 0 0 0.0487804878048781 0.0731707317073171 0.024390243902439 0.0487804878048781 0.146341463414634 0.0731707317073171 0.146341463414634 0.439024390243902
0 0 0 0 0 0 0 0.0740740740740741 0.037037037037037 0.037037037037037 0.222222222222222 0.148148148148148 0.037037037037037 0.444444444444444
0 0 0 0 0 0 0.0176470588235294 0.0392156862745098 0.0509803921568627 0.0901960784313725 0.123529411764706 0.0941176470588235 0.109803921568627 0.474509803921569
