# Number of parameters = 193  Objective function value = 218.879  Maximum gradient component = 0.000544183
# q_surv[1]:
1.00000000000
# fishsel_params_f[1]:
1.63242149362
# fishsel_params_f[2]:
6.08000883195
# fishsel_params_m[1]:
1.10200207132
# fishsel_params_m[2]:
6.37952569262
# srv_params_f[1]:
1.54563345081
# srv_params_f[2]:
2.95263247974
# srv_params_m[1]:
1.70584977488
# srv_params_m[2]:
3.02524432751
# srv1desc_params_f[1]:
1.59127178462
# srv1desc_params_f[2]:
4.39352708774
# srv1desc_params_m[1]:
1.36813034846
# srv1desc_params_m[2]:
7.67187947913
# alpha:
1.00000000000
# beta:
0.00000000000
# mean_log_rec:
19.4051627093
# rec_dev:
 -0.719695478752 -0.228185845486 -0.258464407888 -0.291024871301 -0.325705997520 -0.362286260927 -0.400428099883 -0.439828688955 -0.480108616241 -0.520821510994 -0.561428304807 -0.601390628932 -0.639877153799 -0.675880157884 -0.708582607152 -0.715798733995 -0.720040208872 -0.688803988256 -0.600342071714 -0.528972716334 -0.534743122456 -0.568429111604 -0.605082331918 -0.638430518941 -0.674960787146 -0.700134076511 -0.712567348265 -0.686282282336 -0.622940927177 -0.527589335301 -0.423756012343 -0.294568983302 -0.0182626160186 0.246291205006 0.229478691675 0.206129340385 0.300370023728 0.436776083002 0.521904915494 0.392802848445 0.171523117149 0.0734364005321 0.136868544049 0.391879459429 0.718253720674 0.663445282736 0.655081932774 0.723012538795 0.666308452687 0.515530336361 0.596116222832 0.550713603817 0.314099850399 0.309388728472 0.375141112362 0.349931527499 0.564469681748 0.818734939181 0.901683733112 1.14838100077 0.709176323329 0.601194029587 0.511040528414 0.557470798817 0.576385788754 0.506796011484 0.183539855716 0.143726881771 -0.159308543622 -0.185505216899 0.0817372240808 0.255843944450 0.265840816093 0.0321628056502 -0.146624491245 0.0760626672365 0.00989437175735 0.478226809278 -9.47527835096e-08
# log_avg_fmort:
-4.40948206222
# fmort_dev:
 -2.15035553227 -2.13304220199 -2.11692366586 -2.10389633110 -2.09517642311 -0.519246315603 -0.595397589438 -0.885921987009 -1.13787271605 -0.771439100620 -1.22823692403 0.113115173118 0.939467767504 0.239809069592 -0.325029336947 -0.247637252916 0.860733532761 0.705804257822 0.540588203496 0.497183634965 0.354853207972 -0.209101632005 0.0136575146458 -0.671479570021 -1.55407635777 -1.84797175527 -0.492197338051 -0.490405954287 -1.20788291664 -0.148869488723 0.0753983000417 0.495344549766 0.423866951924 0.801070405391 0.527900227323 0.712067066690 0.376464858776 0.141247855633 0.364667340323 0.778285154741 0.594455914023 0.660764873501 1.00972850959 0.333066791088 0.530111553165 0.819150997312 0.705418960434 0.827025513063 0.666037620316 0.643387395608 0.917224455645 0.538184546046 0.616133141868 1.18542849627 0.597341678523 0.689006289427 1.04480643511 0.736610074616 0.856752071626
# log_selcoffs_fish:
 -4.85509358404 -3.88931231986 -2.95116792300 -2.09487736609 -1.37237524760 -0.794482897943 -0.330791584604 0.0455030942009 0.316037630699 0.446322642104 0.450344815037 0.440212046492 0.426215409662 0.410728663234 0.395500913496 0.381019495950 0.367672558879 0.355347596201 0.344099112459
 -4.51227615758 -3.61003406002 -2.72350274259 -1.88463637910 -1.13378647785 -0.509427798311 -0.0393144123398 0.268017638933 0.426032442333 0.470621766877 0.457502795829 0.427034052717 0.389849832744 0.350305110016 0.311067209528 0.274227303961 0.241602885168 0.215013429773 0.197352141269
# sexr_param_fish:
1.00000000000
# F40:
0.197865414796
# F35:
0.240875385392
# F30:
0.451241130503
