ParName   Value   Gradient
log_avgrec      9.82719  3.69194e-06
log_avginit      4.81598  3.92323e-06
log_avg_F      -1.4191 -3.29468e-05
log_q_ats    -0.615556 -2.76342e-05
log_Rzero       10.073  2.84469e-06
steepness     0.622121  6.65139e-07
log_q_cpue     0.101014  4.56741e-06
log_q_avo     -8.18719   1.5828e-05
log_initdevs(2)      3.31651  2.19357e-05
log_initdevs(3)      2.83296  2.31783e-05
log_initdevs(4)      1.29811  5.44685e-06
log_initdevs(5)     0.470947  6.58774e-06
log_initdevs(6)      1.14532  2.27971e-05
log_initdevs(7)     0.351402 -3.33315e-06
log_initdevs(8)    -0.786218 -2.95715e-06
log_initdevs(9)     -1.24264 -5.95679e-06
log_initdevs(10)     -1.23564  9.68399e-06
log_initdevs(11)     -1.23066 -9.33411e-07
log_initdevs(12)     -1.22754  5.75047e-06
log_initdevs(13)     -1.22916 -4.73013e-06
log_initdevs(14)     -1.23075 -4.23753e-06
log_initdevs(15)     -1.23265  8.58656e-06
log_rec_devs(1964)     -1.06894  1.83596e-05
log_rec_devs(1965)     0.121472  3.13796e-05
log_rec_devs(1966)    -0.209934  1.31103e-05
log_rec_devs(1967)     0.317835  1.25785e-05
log_rec_devs(1968)     0.174811  1.42768e-05
log_rec_devs(1969)     0.342332  1.45417e-05
log_rec_devs(1970)     0.236008  3.90391e-05
log_rec_devs(1971)    -0.252933  1.58621e-05
log_rec_devs(1972)    -0.455349  1.14164e-05
log_rec_devs(1973)     0.366148   0.00012026
log_rec_devs(1974)    0.0484023  3.75737e-05
log_rec_devs(1975)    -0.121294  7.20451e-06
log_rec_devs(1976)    -0.384488  8.63389e-06
log_rec_devs(1977)    -0.332271  1.54818e-05
log_rec_devs(1978)      0.27308  -2.9549e-05
log_rec_devs(1979)       1.1241  4.87094e-05
log_rec_devs(1980)     0.385981  3.74208e-05
log_rec_devs(1981)     0.542735  4.28626e-05
log_rec_devs(1982)   -0.0156215  9.23121e-07
log_rec_devs(1983)      1.01399  6.60782e-05
log_rec_devs(1984)    -0.278935  5.53812e-05
log_rec_devs(1985)     0.562854  9.86428e-06
log_rec_devs(1986)    -0.391817  6.43397e-05
log_rec_devs(1987)    -0.963238 -3.85692e-05
log_rec_devs(1988)     -1.22869 -2.99125e-05
log_rec_devs(1989)    -0.488847  4.59739e-06
log_rec_devs(1990)     0.980534  8.70874e-05
log_rec_devs(1991)     0.353525 -2.53551e-05
log_rec_devs(1992)     0.200945  1.81586e-05
log_rec_devs(1993)     0.880956 -4.74496e-05
log_rec_devs(1994)    -0.197806 -3.23025e-05
log_rec_devs(1995)    -0.555039 -2.90086e-05
log_rec_devs(1996)     0.173201 -5.10396e-05
log_rec_devs(1997)     0.472864 -3.29603e-05
log_rec_devs(1998)     -0.24395 -5.50263e-05
log_rec_devs(1999)    -0.160909 -5.97946e-05
log_rec_devs(2000)     0.270454 -2.79871e-05
log_rec_devs(2001)     0.612865  1.84259e-07
log_rec_devs(2002)     0.203181 -0.000105259
log_rec_devs(2003)    -0.273349  6.23764e-05
log_rec_devs(2004)     -1.07253  2.63854e-05
log_rec_devs(2005)     -1.42383  1.99161e-05
log_rec_devs(2006)    -0.500987  3.51273e-06
log_rec_devs(2007)     0.279442 -6.49671e-05
log_rec_devs(2008)    -0.353533 -5.23735e-05
log_rec_devs(2009)     0.963332  6.51626e-05
log_rec_devs(2010)     0.190147 -3.37485e-05
log_rec_devs(2011)    -0.307662  1.11027e-05
log_rec_devs(2012)    -0.451701   3.0221e-05
log_rec_devs(2013)     0.836013  5.02822e-05
log_rec_devs(2014)      0.97318  5.35881e-05
log_rec_devs(2015)     0.135971  5.69123e-05
log_rec_devs(2016)    -0.838106 -9.51464e-07
log_rec_devs(2017)    -0.837873 -3.20737e-05
log_rec_devs(2018)    -0.115964 -5.95111e-05
log_rec_devs(2019)      1.47641 -0.000113554
log_rec_devs(2020)    0.0967758  -0.00010642
log_rec_devs(2021)    -0.491847 -4.33519e-05
log_rec_devs(2022)     -0.47832 -2.14652e-05
log_rec_devs(2023)    -0.100487 -2.18206e-05
log_rec_devs(2024)   -0.0132917  2.31865e-06
log_F_devs(1964)    -0.652282 -9.30757e-06
log_F_devs(1965)    -0.627345  5.65073e-05
log_F_devs(1966)    -0.705132  3.54055e-05
log_F_devs(1967)    -0.164994  5.69298e-05
log_F_devs(1968)    -0.178914  6.86464e-05
log_F_devs(1969)    -0.136811  2.43446e-05
log_F_devs(1970)     0.225957  2.53279e-06
log_F_devs(1971)     0.572909  -6.0467e-05
log_F_devs(1972)     0.683723  5.68342e-05
log_F_devs(1973)     0.814051 -3.86991e-06
log_F_devs(1974)     0.877297 -0.000165186
log_F_devs(1975)       0.6842  3.94926e-05
log_F_devs(1976)     0.575224   8.7861e-05
log_F_devs(1977)     0.464115  0.000191238
log_F_devs(1978)     0.558135 -9.18548e-05
log_F_devs(1979)     0.609393 -5.25224e-05
log_F_devs(1980)     0.547254 -9.85662e-05
log_F_devs(1981)     0.242525  0.000216303
log_F_devs(1982)    -0.190761 -6.83475e-06
log_F_devs(1983)    -0.389535 -0.000125125
log_F_devs(1984)    -0.430428  2.38511e-05
log_F_devs(1985)    -0.434035  0.000208954
log_F_devs(1986)    -0.518871  -3.3636e-05
log_F_devs(1987)     -0.83574  8.63087e-05
log_F_devs(1988)    -0.529115  0.000146769
log_F_devs(1989)    -0.501253  0.000144155
log_F_devs(1990)   -0.0875977  5.32284e-05
log_F_devs(1991)     0.120738  8.17322e-05
log_F_devs(1992)     0.427859 -2.99921e-05
log_F_devs(1993)  -0.00159298 -8.00364e-05
log_F_devs(1994)    -0.248933  1.45347e-05
log_F_devs(1995)    -0.266028 -2.55987e-05
log_F_devs(1996)   -0.0940715  3.29961e-05
log_F_devs(1997)   -0.0626711  6.24171e-05
log_F_devs(1998)    -0.242015 -0.000135027
log_F_devs(1999)    -0.476499 -0.000134105
log_F_devs(2000)    -0.380765  -9.9005e-05
log_F_devs(2001)    -0.243661  4.90004e-06
log_F_devs(2002)   -0.0790708 -2.81932e-05
log_F_devs(2003)  -0.00326382 -6.16894e-05
log_F_devs(2004)    -0.104667 -1.01654e-05
log_F_devs(2005)    -0.167236 -3.94262e-05
log_F_devs(2006)    0.0411146 -4.12337e-05
log_F_devs(2007)     0.124117  6.26399e-05
log_F_devs(2008)     0.234857 -0.000165674
log_F_devs(2009)     0.215776  -1.0082e-05
log_F_devs(2010)    0.0365118 -3.06712e-05
log_F_devs(2011)     0.346283  3.89968e-05
log_F_devs(2012)     0.358255 -6.33329e-05
log_F_devs(2013)     0.310405  3.52739e-05
log_F_devs(2014)     0.257032  4.44852e-05
log_F_devs(2015)      0.33802  2.43951e-05
log_F_devs(2016)    0.0207283  0.000113578
log_F_devs(2017)  -0.00584338  9.33863e-06
log_F_devs(2018)    -0.222923 -0.000103269
log_F_devs(2019)    -0.109985  5.24949e-06
log_F_devs(2020)     0.123219  5.50033e-05
log_F_devs(2021)    0.0654463  9.97543e-05
log_F_devs(2022)      -0.2851  1.30676e-06
log_F_devs(2023)    -0.301308 -4.98076e-05
log_F_devs(2024)    -0.196697 -0.000347209
sel_devs_fsh(1,1)    0.0525373 -1.86847e-05
sel_devs_fsh(1,2)       0.0925 -1.21925e-05
sel_devs_fsh(1,3)      0.14308  1.96449e-05
sel_devs_fsh(1,4)   -0.0413935 -4.65602e-06
sel_devs_fsh(1,5)   -0.0416275 -0.000111111
sel_devs_fsh(1,6)   -0.0558872 -3.48751e-05
sel_devs_fsh(1,7)   -0.0478696  8.21617e-05
sel_devs_fsh(1,8)   -0.0386496 -0.000313175
sel_devs_fsh(1,9)   -0.0277486  7.37558e-05
sel_devs_fsh(1,10)   -0.0181411  6.90863e-05
sel_devs_fsh(1,11)   -0.0108573  0.000441945
sel_devs_fsh(1,12)  -0.00594109 -0.000159198
sel_devs_fsh(2,1)    0.0598541  2.45939e-05
sel_devs_fsh(2,2)    0.0997335 -4.86538e-05
sel_devs_fsh(2,3)     0.242906  3.18935e-05
sel_devs_fsh(2,4)    -0.132229 -1.71953e-05
sel_devs_fsh(2,5)   -0.0948697 -9.41452e-05
sel_devs_fsh(2,6)   -0.0735037 -1.24847e-05
sel_devs_fsh(2,7)   -0.0521621  7.56904e-05
sel_devs_fsh(2,8)   -0.0325219  -0.00030786
sel_devs_fsh(2,9)   -0.0194899  6.09291e-05
sel_devs_fsh(2,10)  -0.00812393   7.4579e-06
sel_devs_fsh(2,11)   0.00141004  0.000434989
sel_devs_fsh(2,12)    0.0089956 -0.000179639
sel_devs_fsh(3,1)     0.124669  3.79011e-06
sel_devs_fsh(3,2)    0.0998365 -1.60767e-05
sel_devs_fsh(3,3)   0.00628049   5.9739e-06
sel_devs_fsh(3,4)  -0.00628511  6.43647e-06
sel_devs_fsh(3,5)   -0.0472468 -0.000115532
sel_devs_fsh(3,6)   -0.0513606 -2.95873e-05
sel_devs_fsh(3,7)   -0.0483762  7.10612e-05
sel_devs_fsh(3,8)   -0.0374902 -0.000275865
sel_devs_fsh(3,9)   -0.0241142  3.33005e-05
sel_devs_fsh(3,10)   -0.0118216    1.243e-05
sel_devs_fsh(3,11)  -0.00395906  0.000485228
sel_devs_fsh(3,12) -0.000132379 -0.000189446
sel_devs_fsh(4,1)       0.1318  1.04103e-05
sel_devs_fsh(4,2)    0.0666763 -3.39644e-05
sel_devs_fsh(4,3)     0.156681  1.48128e-05
sel_devs_fsh(4,4)     -0.10568 -7.77921e-06
sel_devs_fsh(4,5)    -0.101904 -0.000116143
sel_devs_fsh(4,6)    -0.092467 -3.97771e-05
sel_devs_fsh(4,7)   -0.0789819  9.04289e-05
sel_devs_fsh(4,8)   -0.0231162 -0.000174814
sel_devs_fsh(4,9)  -0.00453543 -1.90516e-05
sel_devs_fsh(4,10)    0.0105754 -1.05978e-05
sel_devs_fsh(4,11)    0.0176693  0.000479849
sel_devs_fsh(4,12)    0.0232821 -0.000191028
sel_devs_fsh(5,1)     0.187811   2.6403e-06
sel_devs_fsh(5,2)     0.136807  1.30006e-05
sel_devs_fsh(5,3)   -0.0324759 -3.18505e-05
sel_devs_fsh(5,4)    -0.252395 -4.96125e-05
sel_devs_fsh(5,5)    -0.122935 -7.16651e-05
sel_devs_fsh(5,6)    -0.107568 -3.01912e-05
sel_devs_fsh(5,7)   -0.0495309  5.49371e-05
sel_devs_fsh(5,8)    0.0101299 -0.000139166
sel_devs_fsh(5,9)    0.0370746 -8.16398e-05
sel_devs_fsh(5,10)    0.0529762 -4.66502e-05
sel_devs_fsh(5,11)    0.0599761  0.000527571
sel_devs_fsh(5,12)    0.0801291 -0.000180796
sel_devs_fsh(6,1)    0.0103784 -1.92647e-05
sel_devs_fsh(6,2)    0.0287661 -4.43577e-05
sel_devs_fsh(6,3)    -0.080161  8.49863e-06
sel_devs_fsh(6,4)   -0.0491451 -3.04021e-05
sel_devs_fsh(6,5)   -0.0014108 -0.000113501
sel_devs_fsh(6,6)   -0.0145162 -4.79552e-05
sel_devs_fsh(6,7)   -0.0491418  6.10175e-05
sel_devs_fsh(6,8)    0.0065062 -0.000134956
sel_devs_fsh(6,9)    0.0278138 -6.81072e-05
sel_devs_fsh(6,10)    0.0331015 -3.50522e-05
sel_devs_fsh(6,11)    0.0376582  0.000545106
sel_devs_fsh(6,12)    0.0501449 -0.000210995
sel_devs_fsh(7,1)    -0.232713 -3.42596e-05
sel_devs_fsh(7,2)     0.197863 -5.78123e-05
sel_devs_fsh(7,3)     0.116696 -1.68785e-05
sel_devs_fsh(7,4)    0.0803786  2.57202e-05
sel_devs_fsh(7,5)   -0.0210142 -9.54579e-05
sel_devs_fsh(7,6)  -0.00761474  -5.5505e-05
sel_devs_fsh(7,7)   -0.0171975   0.00011929
sel_devs_fsh(7,8)   -0.0308605 -0.000157977
sel_devs_fsh(7,9)    -0.013885 -4.49921e-05
sel_devs_fsh(7,10)   -0.0162242 -5.16429e-05
sel_devs_fsh(7,11)   -0.0226443  0.000532763
sel_devs_fsh(7,12)   -0.0327853 -0.000182662
sel_devs_fsh(8,1)    -0.253211  1.63367e-05
sel_devs_fsh(8,2)     0.107711  2.89782e-05
sel_devs_fsh(8,3)    0.0696084  4.01222e-05
sel_devs_fsh(8,4)    0.0501738  1.11034e-06
sel_devs_fsh(8,5)    0.0392764 -0.000115846
sel_devs_fsh(8,6)    0.0488937 -4.78877e-05
sel_devs_fsh(8,7)    0.0286208  5.82405e-05
sel_devs_fsh(8,8)  2.78758e-05 -0.000165697
sel_devs_fsh(8,9)   -0.0103017 -6.30951e-05
sel_devs_fsh(8,10)   -0.0174806 -9.07145e-05
sel_devs_fsh(8,11)   -0.0255678  0.000491738
sel_devs_fsh(8,12)   -0.0377515 -0.000157535
sel_devs_fsh(9,1)    -0.210723 -4.44871e-06
sel_devs_fsh(9,2)     0.145978 -5.11711e-05
sel_devs_fsh(9,3)     0.181096  4.92093e-05
sel_devs_fsh(9,4)    0.0373684  2.29789e-05
sel_devs_fsh(9,5)   0.00774125 -0.000112703
sel_devs_fsh(9,6)  -0.00342141 -7.71119e-05
sel_devs_fsh(9,7)  -0.00276017  8.74028e-05
sel_devs_fsh(9,8)   -0.0281008 -0.000156072
sel_devs_fsh(9,9)   -0.0211624 -2.88131e-05
sel_devs_fsh(9,10)   -0.0250157 -9.90241e-05
sel_devs_fsh(9,11)   -0.0324901  0.000536448
sel_devs_fsh(9,12)   -0.0485105 -0.000174488
sel_devs_fsh(10,1)    -0.193842  1.70426e-06
sel_devs_fsh(10,2)    -0.174948 -1.54339e-06
sel_devs_fsh(10,3)     0.130675  1.62922e-05
sel_devs_fsh(10,4)      0.08077 -2.00402e-05
sel_devs_fsh(10,5)    0.0443154 -9.35953e-05
sel_devs_fsh(10,6)    0.0369596 -0.000114617
sel_devs_fsh(10,7)    0.0349014   0.00013005
sel_devs_fsh(10,8)  -0.00331087 -0.000148877
sel_devs_fsh(10,9)   0.00567789 -4.44862e-05
sel_devs_fsh(10,10)    0.0129631 -8.75973e-05
sel_devs_fsh(10,11)    0.0128456  0.000538756
sel_devs_fsh(10,12)    0.0129921 -0.000187799
sel_devs_fsh(11,1)     -0.19248 -1.96936e-05
sel_devs_fsh(11,2)   -0.0721702  1.70095e-09
sel_devs_fsh(11,3)   -0.0840459  1.80543e-05
sel_devs_fsh(11,4)    0.0901255 -2.57306e-05
sel_devs_fsh(11,5)    0.0755157 -9.74654e-05
sel_devs_fsh(11,6)    0.0630732 -0.000108649
sel_devs_fsh(11,7)    0.0563316  0.000126309
sel_devs_fsh(11,8)    0.0155015 -0.000160525
sel_devs_fsh(11,9)    0.0118852 -2.81009e-05
sel_devs_fsh(11,10)    0.0131448 -7.01428e-05
sel_devs_fsh(11,11)    0.0124228  0.000543536
sel_devs_fsh(11,12)     0.010696 -0.000176872
sel_devs_fsh(12,1)    -0.182686 -5.69765e-07
sel_devs_fsh(12,2)    0.0178842  3.36118e-05
sel_devs_fsh(12,3)     -0.13228 -8.13875e-06
sel_devs_fsh(12,4)   -0.0528105 -2.61827e-05
sel_devs_fsh(12,5)    0.0576591 -0.000115874
sel_devs_fsh(12,6)    0.0618938 -0.000135262
sel_devs_fsh(12,7)    0.0606807  0.000114424
sel_devs_fsh(12,8)    0.0358368 -0.000154576
sel_devs_fsh(12,9)    0.0283112  -3.2411e-05
sel_devs_fsh(12,10)    0.0340731 -9.24988e-05
sel_devs_fsh(12,11)    0.0352984  0.000518138
sel_devs_fsh(12,12)    0.0361358 -0.000157071
sel_devs_fsh(13,1)    -0.223885 -9.44343e-06
sel_devs_fsh(13,2)    -0.140851  1.68525e-05
sel_devs_fsh(13,3)   -0.0441389 -5.02703e-05
sel_devs_fsh(13,4)   -0.0296972 -3.97037e-05
sel_devs_fsh(13,5)    0.0435362 -7.94107e-05
sel_devs_fsh(13,6)    0.0540637 -9.11035e-05
sel_devs_fsh(13,7)    0.0681774   0.00016718
sel_devs_fsh(13,8)    0.0678179  -0.00012518
sel_devs_fsh(13,9)    0.0549976 -2.22473e-05
sel_devs_fsh(13,10)    0.0494434 -6.92916e-05
sel_devs_fsh(13,11)    0.0505619  0.000488383
sel_devs_fsh(13,12)    0.0499764 -0.000151853
sel_devs_fsh(14,1)    -0.179537 -2.66225e-05
sel_devs_fsh(14,2)    -0.379624  -0.00010853
sel_devs_fsh(14,3)    -0.172979 -2.69091e-05
sel_devs_fsh(14,4)    -0.042965 -9.78713e-06
sel_devs_fsh(14,5)    0.0824075  -7.8992e-05
sel_devs_fsh(14,6)     0.140057 -0.000126849
sel_devs_fsh(14,7)     0.123472  0.000106384
sel_devs_fsh(14,8)     0.123492 -0.000132006
sel_devs_fsh(14,9)     0.099249 -2.88514e-05
sel_devs_fsh(14,10)    0.0717836  4.71314e-06
sel_devs_fsh(14,11)    0.0684767  0.000505909
sel_devs_fsh(14,12)    0.0661631 -0.000155919
sel_devs_fsh(15,1)    -0.198428 -2.76114e-06
sel_devs_fsh(15,2)    -0.487292 -3.10577e-05
sel_devs_fsh(15,3)    -0.274634  1.87198e-05
sel_devs_fsh(15,4)    0.0658585 -1.52638e-05
sel_devs_fsh(15,5)     0.115039 -0.000126148
sel_devs_fsh(15,6)     0.151159 -0.000127221
sel_devs_fsh(15,7)     0.148212   0.00011367
sel_devs_fsh(15,8)      0.13938 -9.94394e-05
sel_devs_fsh(15,9)     0.094851 -1.07694e-05
sel_devs_fsh(15,10)    0.0839606 -5.83559e-05
sel_devs_fsh(15,11)    0.0824465  0.000465936
sel_devs_fsh(15,12)    0.0794456 -0.000154639
sel_devs_fsh(16,1)    -0.164877 -1.72025e-05
sel_devs_fsh(16,2)    -0.272784  2.99131e-05
sel_devs_fsh(16,3)    -0.279677 -9.64571e-06
sel_devs_fsh(16,4)   -0.0226264 -3.72825e-05
sel_devs_fsh(16,5)     0.116756   -8.468e-05
sel_devs_fsh(16,6)    0.0849241 -0.000155027
sel_devs_fsh(16,7)    0.0935149  7.35763e-05
sel_devs_fsh(16,8)    0.0978552 -0.000120266
sel_devs_fsh(16,9)    0.0922525 -5.59412e-05
sel_devs_fsh(16,10)    0.0860136 -2.18901e-05
sel_devs_fsh(16,11)    0.0835577  0.000475312
sel_devs_fsh(16,12)     0.085086 -0.000156163
sel_devs_fsh(17,1)    -0.130237 -1.53163e-05
sel_devs_fsh(17,2)    -0.101819  1.61327e-05
sel_devs_fsh(17,3)    -0.300705  1.05846e-05
sel_devs_fsh(17,4)   -0.0210389 -5.67189e-05
sel_devs_fsh(17,5)     0.025988 -9.96555e-05
sel_devs_fsh(17,6)    0.0653756 -0.000105917
sel_devs_fsh(17,7)    0.0648884  8.19545e-05
sel_devs_fsh(17,8)    0.0734408 -0.000100164
sel_devs_fsh(17,9)    0.0778707 -9.51296e-05
sel_devs_fsh(17,10)    0.0797209  -2.5264e-05
sel_devs_fsh(17,11)     0.081736  0.000396138
sel_devs_fsh(17,12)      0.08477 -0.000159182
sel_devs_fsh(18,1)    -0.147186  1.21915e-06
sel_devs_fsh(18,2)     0.102922 -8.03643e-05
sel_devs_fsh(18,3)   -0.0845552  2.58976e-05
sel_devs_fsh(18,4)    -0.162095   1.5172e-05
sel_devs_fsh(18,5)   -0.0762011 -5.27069e-05
sel_devs_fsh(18,6)    0.0425893 -0.000132043
sel_devs_fsh(18,7)    0.0363887  7.66396e-05
sel_devs_fsh(18,8)    0.0328616 -6.61731e-05
sel_devs_fsh(18,9)    0.0513971 -3.70485e-05
sel_devs_fsh(18,10)    0.0595002  4.92959e-05
sel_devs_fsh(18,11)    0.0687072  0.000309061
sel_devs_fsh(18,12)    0.0756704 -0.000114143
sel_devs_fsh(19,1)    -0.135771  5.67238e-05
sel_devs_fsh(19,2)    -0.150464  1.91947e-05
sel_devs_fsh(19,3)    0.0631127 -6.17996e-05
sel_devs_fsh(19,4)   -0.0679946 -4.48053e-05
sel_devs_fsh(19,5)     0.061552 -7.74455e-05
sel_devs_fsh(19,6)   0.00691345 -9.00833e-05
sel_devs_fsh(19,7)    0.0350575  0.000101219
sel_devs_fsh(19,8)    0.0267452 -7.09466e-05
sel_devs_fsh(19,9)    0.0271799 -1.14116e-05
sel_devs_fsh(19,10)    0.0324264  4.75553e-05
sel_devs_fsh(19,11)    0.0467857  0.000231421
sel_devs_fsh(19,12)    0.0544578 -8.35493e-05
sel_devs_fsh(20,1)    -0.151681  1.68489e-05
sel_devs_fsh(20,2)    0.0457739 -5.26502e-05
sel_devs_fsh(20,3)     0.139483 -1.62344e-05
sel_devs_fsh(20,4)   -0.0778133 -2.42944e-05
sel_devs_fsh(20,5)    -0.229996 -6.01805e-05
sel_devs_fsh(20,6)    0.0734577 -0.000121703
sel_devs_fsh(20,7)    0.0425219  6.48478e-05
sel_devs_fsh(20,8)    0.0423709 -8.41159e-05
sel_devs_fsh(20,9)     0.018311  4.36242e-05
sel_devs_fsh(20,10)    0.0241981  0.000139599
sel_devs_fsh(20,11)    0.0332076  0.000172856
sel_devs_fsh(20,12)    0.0401687 -3.53146e-05
sel_devs_fsh(21,1)    -0.159424  1.85307e-05
sel_devs_fsh(21,2)   -0.0309355 -1.95576e-05
sel_devs_fsh(21,3)     0.077748  9.90258e-06
sel_devs_fsh(21,4)      0.16448 -3.48571e-05
sel_devs_fsh(21,5)   -0.0159642 -7.14559e-05
sel_devs_fsh(21,6)   -0.0742958 -0.000166049
sel_devs_fsh(21,7)    0.0222461  8.14307e-05
sel_devs_fsh(21,8)   -0.0306649 -5.92825e-05
sel_devs_fsh(21,9)    0.0229745   6.9365e-05
sel_devs_fsh(21,10)    0.0036781  0.000161526
sel_devs_fsh(21,11)   0.00252989  4.66909e-05
sel_devs_fsh(21,12)    0.0176297 -5.28518e-06
sel_devs_fsh(22,1)    -0.161061 -1.04706e-05
sel_devs_fsh(22,2)   -0.0780095  1.56285e-06
sel_devs_fsh(22,3)     0.122345 -4.16402e-05
sel_devs_fsh(22,4)   -0.0839406 -3.40063e-05
sel_devs_fsh(22,5)    0.0139273 -2.96135e-05
sel_devs_fsh(22,6)   -0.0374016 -0.000133676
sel_devs_fsh(22,7)   -0.0958533  5.40991e-05
sel_devs_fsh(22,8)     0.136144 -7.84726e-05
sel_devs_fsh(22,9)    0.0865079  8.00471e-05
sel_devs_fsh(22,10)    0.0636187  0.000109005
sel_devs_fsh(22,11)    0.0280382   7.2509e-05
sel_devs_fsh(22,12)   0.00568487  1.61808e-05
sel_devs_fsh(23,1)    -0.194275  1.88095e-06
sel_devs_fsh(23,2)    -0.114703  4.59429e-06
sel_devs_fsh(23,3)     0.461231 -9.99535e-07
sel_devs_fsh(23,4)    0.0451778 -3.36076e-05
sel_devs_fsh(23,5)     0.124458 -0.000127961
sel_devs_fsh(23,6)    -0.052649 -0.000115408
sel_devs_fsh(23,7)     0.133623   5.3834e-05
sel_devs_fsh(23,8)    -0.093553 -0.000122864
sel_devs_fsh(23,9)   -0.0905021  7.79549e-05
sel_devs_fsh(23,10)    -0.112043  9.19273e-05
sel_devs_fsh(23,11)    -0.065563  6.07248e-05
sel_devs_fsh(23,12)   -0.0412088  2.95009e-05
sel_devs_fsh(24,1)    -0.162908  -1.1825e-05
sel_devs_fsh(24,2)   -0.0738086  -5.5317e-06
sel_devs_fsh(24,3)    -0.382388 -2.78004e-05
sel_devs_fsh(24,4)     0.167677 -1.18006e-05
sel_devs_fsh(24,5)    0.0364678 -6.73207e-05
sel_devs_fsh(24,6)    0.0825901 -0.000157049
sel_devs_fsh(24,7)     0.127054  8.18916e-05
sel_devs_fsh(24,8)     0.105124 -9.92711e-05
sel_devs_fsh(24,9)    0.0260601  0.000134487
sel_devs_fsh(24,10)    0.0689093  8.89688e-05
sel_devs_fsh(24,11)     0.021595     6.27e-05
sel_devs_fsh(24,12)   -0.0163713  3.73346e-05
sel_devs_fsh(25,1)    -0.153412 -2.06573e-05
sel_devs_fsh(25,2)   -0.0416467  2.14215e-05
sel_devs_fsh(25,3)    -0.345604 -1.36359e-05
sel_devs_fsh(25,4)    0.0383767 -3.79386e-05
sel_devs_fsh(25,5)     0.183456 -4.11274e-05
sel_devs_fsh(25,6)    0.0585044 -0.000148406
sel_devs_fsh(25,7)   -0.0281454  8.60826e-05
sel_devs_fsh(25,8)     0.045786 -0.000105329
sel_devs_fsh(25,9)    0.0593513  0.000143748
sel_devs_fsh(25,10)   -0.0170284  0.000128955
sel_devs_fsh(25,11)     0.128428  4.11759e-05
sel_devs_fsh(25,12)    0.0719408  5.94884e-05
sel_devs_fsh(26,1)    -0.080823 -2.98137e-05
sel_devs_fsh(26,2)   0.00260282  2.01676e-05
sel_devs_fsh(26,3)    -0.371011 -3.04924e-05
sel_devs_fsh(26,4)    -0.322502 -4.21183e-05
sel_devs_fsh(26,5)    -0.223307 -6.16269e-05
sel_devs_fsh(26,6)   -0.0621927 -0.000161925
sel_devs_fsh(26,7)     0.126687  6.26108e-05
sel_devs_fsh(26,8)   -0.0284437  -0.00014194
sel_devs_fsh(26,9)     0.165126  0.000145681
sel_devs_fsh(26,10)     0.104494  0.000124072
sel_devs_fsh(26,11)     0.353638  3.53396e-05
sel_devs_fsh(26,12)      0.33573  6.69032e-05
sel_devs_fsh(27,1)    -0.156464  1.73048e-05
sel_devs_fsh(27,2)   -0.0672145 -3.35839e-05
sel_devs_fsh(27,3)     0.503111 -6.23811e-06
sel_devs_fsh(27,4)    -0.261923 -2.17853e-05
sel_devs_fsh(27,5)    -0.344254 -0.000103089
sel_devs_fsh(27,6)   -0.0429317 -0.000187692
sel_devs_fsh(27,7)   -0.0279177   4.9247e-05
sel_devs_fsh(27,8)     0.215256 -0.000114062
sel_devs_fsh(27,9)     0.108118  0.000133981
sel_devs_fsh(27,10)     0.233139  0.000127115
sel_devs_fsh(27,11)    -0.113108 -7.09606e-06
sel_devs_fsh(27,12)   -0.0458126  0.000102908
sel_devs_fsh(28,1)     -0.14482 -1.14839e-06
sel_devs_fsh(28,2)     -0.48952  1.47965e-05
sel_devs_fsh(28,3)     -0.03053 -2.62934e-05
sel_devs_fsh(28,4)     0.796221 -5.18301e-05
sel_devs_fsh(28,5) -8.75193e-05 -5.50971e-05
sel_devs_fsh(28,6)    0.0152705 -0.000156361
sel_devs_fsh(28,7)    0.0857944  5.45571e-05
sel_devs_fsh(28,8)    0.0254103 -9.82063e-05
sel_devs_fsh(28,9)   -0.0125707  0.000128017
sel_devs_fsh(28,10)   -0.0511604  0.000139223
sel_devs_fsh(28,11)    -0.124657  9.56522e-06
sel_devs_fsh(28,12)   -0.0693469  0.000107172
sel_devs_fsh(29,1)   -0.0509078 -2.51701e-05
sel_devs_fsh(29,2)   0.00936754  3.62702e-05
sel_devs_fsh(29,3)    -0.776685  2.47866e-05
sel_devs_fsh(29,4)    -0.295396 -8.24961e-06
sel_devs_fsh(29,5)     0.908106 -5.40427e-05
sel_devs_fsh(29,6)     0.259698 -0.000178485
sel_devs_fsh(29,7)    0.0249921  9.27974e-06
sel_devs_fsh(29,8)   -0.0247327 -0.000130743
sel_devs_fsh(29,9)   -0.0332837  9.94889e-05
sel_devs_fsh(29,10)  -0.00732682  0.000186313
sel_devs_fsh(29,11)    0.0217358 -1.60057e-05
sel_devs_fsh(29,12)   -0.0355647  0.000100288
sel_devs_fsh(30,1)   -0.0207893 -2.22796e-05
sel_devs_fsh(30,2)     0.186479 -1.30957e-05
sel_devs_fsh(30,3)    -0.288913 -1.20938e-05
sel_devs_fsh(30,4)    -0.687633 -2.56748e-05
sel_devs_fsh(30,5)    -0.358722 -4.91056e-05
sel_devs_fsh(30,6)     0.466113 -0.000161252
sel_devs_fsh(30,7)     0.148337  5.35822e-05
sel_devs_fsh(30,8)     0.163765 -5.26168e-05
sel_devs_fsh(30,9)     0.133719  0.000110528
sel_devs_fsh(30,10)     0.116441  0.000208956
sel_devs_fsh(30,11)    0.0859296  2.04007e-05
sel_devs_fsh(30,12)    0.0552831  9.73361e-05
sel_devs_fsh(31,1)    -0.035421  4.85793e-06
sel_devs_fsh(31,2)     0.515627  -1.5872e-05
sel_devs_fsh(31,3)     0.280187 -1.72619e-05
sel_devs_fsh(31,4)    -0.792684 -2.95141e-05
sel_devs_fsh(31,5)    -0.743908 -6.73599e-05
sel_devs_fsh(31,6)    -0.356805 -0.000177924
sel_devs_fsh(31,7)     0.274923 -2.76671e-06
sel_devs_fsh(31,8)     0.306741 -9.27663e-05
sel_devs_fsh(31,9)     0.226037  9.41142e-05
sel_devs_fsh(31,10)     0.154353  0.000196268
sel_devs_fsh(31,11)    0.0998265   8.6754e-06
sel_devs_fsh(31,12)    0.0711203  7.37095e-05
sel_devs_fsh(32,1)    -0.134985  7.32777e-06
sel_devs_fsh(32,2)     0.347177  2.42843e-05
sel_devs_fsh(32,3)     0.155109  8.35007e-06
sel_devs_fsh(32,4)     0.658927 -4.26171e-05
sel_devs_fsh(32,5)   -0.0159675  -7.3812e-05
sel_devs_fsh(32,6)    -0.410217 -0.000184759
sel_devs_fsh(32,7)    -0.412971 -1.31689e-05
sel_devs_fsh(32,8)    -0.301826 -9.97149e-05
sel_devs_fsh(32,9)  -0.00416499  9.83113e-05
sel_devs_fsh(32,10)    0.0317596  0.000186424
sel_devs_fsh(32,11)    0.0401538   9.4977e-06
sel_devs_fsh(32,12)    0.0470049  5.20659e-05
sel_devs_fsh(33,1)    -0.107501  2.07768e-05
sel_devs_fsh(33,2)    -0.382122  2.51916e-06
sel_devs_fsh(33,3)     0.281015 -4.15555e-05
sel_devs_fsh(33,4)      0.24006 -1.31001e-05
sel_devs_fsh(33,5)      0.19729 -4.37569e-05
sel_devs_fsh(33,6)     0.278534 -0.000144656
sel_devs_fsh(33,7)    -0.242108  4.07527e-06
sel_devs_fsh(33,8)   -0.0662757 -6.91425e-05
sel_devs_fsh(33,9)   -0.0732211  9.39857e-05
sel_devs_fsh(33,10)   -0.0470622  0.000155783
sel_devs_fsh(33,11)   -0.0448674 -3.18932e-07
sel_devs_fsh(33,12)   -0.0337411  5.69779e-05
sel_devs_fsh(34,1)    -0.153225 -2.58568e-05
sel_devs_fsh(34,2)     -0.37908  8.84323e-07
sel_devs_fsh(34,3)     0.828153 -2.18348e-05
sel_devs_fsh(34,4)     0.459914   -7.757e-05
sel_devs_fsh(34,5)     0.150788 -6.20391e-05
sel_devs_fsh(34,6)    -0.237077 -0.000153603
sel_devs_fsh(34,7)      0.25046 -1.97403e-05
sel_devs_fsh(34,8)    -0.113815  -7.4579e-05
sel_devs_fsh(34,9)    -0.280952  0.000136557
sel_devs_fsh(34,10)    -0.245742  0.000194412
sel_devs_fsh(34,11)    -0.176719  4.21686e-05
sel_devs_fsh(34,12)    -0.102704  8.03536e-05
sel_devs_fsh(35,1)   -0.0806715  1.11193e-05
sel_devs_fsh(35,2)    -0.152702 -3.97521e-06
sel_devs_fsh(35,3)     -0.54937  1.63457e-05
sel_devs_fsh(35,4)     0.304749 -2.55434e-05
sel_devs_fsh(35,5)     0.422184 -1.96065e-05
sel_devs_fsh(35,6)    0.0117275   -0.0001251
sel_devs_fsh(35,7)   -0.0216451  1.92986e-05
sel_devs_fsh(35,8)     0.234154  -5.9567e-05
sel_devs_fsh(35,9)    0.0190483  0.000103815
sel_devs_fsh(35,10)   -0.0545988   0.00012686
sel_devs_fsh(35,11)   -0.0550467  -5.0732e-05
sel_devs_fsh(35,12)   -0.0778267  4.07056e-05
sel_devs_fsh(36,1)   -0.0357823 -1.36585e-05
sel_devs_fsh(36,2)    -0.203575 -6.24801e-06
sel_devs_fsh(36,3)    -0.453728 -6.76614e-06
sel_devs_fsh(36,4)     -0.29941 -4.79583e-05
sel_devs_fsh(36,5)     0.259311 -5.20529e-05
sel_devs_fsh(36,6)     0.617398 -0.000152578
sel_devs_fsh(36,7)      0.13661  6.38496e-06
sel_devs_fsh(36,8)   -0.0943406   -8.426e-05
sel_devs_fsh(36,9)      0.03255  9.18415e-05
sel_devs_fsh(36,10)    0.0378828   0.00018464
sel_devs_fsh(36,11)    0.0236993  4.01051e-06
sel_devs_fsh(36,12)   -0.0206182  3.27346e-05
sel_devs_fsh(37,1)   -0.0799375  4.31247e-05
sel_devs_fsh(37,2)     0.170573 -2.02559e-06
sel_devs_fsh(37,3)    0.0743449  1.46258e-05
sel_devs_fsh(37,4)   -0.0156578 -3.34122e-05
sel_devs_fsh(37,5)    -0.223509 -5.00159e-05
sel_devs_fsh(37,6)    0.0621933 -0.000113304
sel_devs_fsh(37,7)    0.0797415 -1.51816e-06
sel_devs_fsh(37,8)    0.0661816 -2.90797e-05
sel_devs_fsh(37,9)    0.0479078  0.000104971
sel_devs_fsh(37,10)   -0.0209434  0.000171094
sel_devs_fsh(37,11)   -0.0844533 -2.43386e-05
sel_devs_fsh(37,12)   -0.0764351   2.5873e-05
sel_devs_fsh(38,1)   -0.0843905  1.26285e-05
sel_devs_fsh(38,2)    -0.335437  4.74683e-05
sel_devs_fsh(38,3)     0.679534  3.05903e-05
sel_devs_fsh(38,4)   -0.0632099  -9.0775e-06
sel_devs_fsh(38,5)    0.0334868 -4.40813e-05
sel_devs_fsh(38,6)    -0.172038 -0.000146508
sel_devs_fsh(38,7)     0.038266  2.50762e-05
sel_devs_fsh(38,8)     0.043234 -5.87781e-05
sel_devs_fsh(38,9)    0.0097449  0.000105452
sel_devs_fsh(38,10)  -0.00859969  0.000173339
sel_devs_fsh(38,11)   -0.0748496  1.48559e-06
sel_devs_fsh(38,12)   -0.0657292  3.53077e-05
sel_devs_fsh(39,1)   -0.0397286 -6.59618e-06
sel_devs_fsh(39,2)    -0.146662 -1.79303e-07
sel_devs_fsh(39,3)    -0.667064   1.8124e-05
sel_devs_fsh(39,4)      0.73141 -5.07127e-05
sel_devs_fsh(39,5)     0.030571 -7.71899e-05
sel_devs_fsh(39,6)    -0.118209 -0.000189434
sel_devs_fsh(39,7)  -0.00462182 -3.20852e-05
sel_devs_fsh(39,8)    0.0244132 -0.000122598
sel_devs_fsh(39,9)    0.0483294   9.6016e-05
sel_devs_fsh(39,10)      0.05387  0.000133443
sel_devs_fsh(39,11)    0.0726653 -5.87352e-05
sel_devs_fsh(39,12)    0.0150082  2.35637e-06
sel_devs_fsh(40,1)   -0.0687005 -2.78963e-05
sel_devs_fsh(40,2)    0.0754368 -6.97431e-06
sel_devs_fsh(40,3)   0.00219401 -1.74164e-06
sel_devs_fsh(40,4)    -0.325092  5.15505e-06
sel_devs_fsh(40,5)      0.43962 -5.78158e-05
sel_devs_fsh(40,6)     0.254769   -0.0001797
sel_devs_fsh(40,7)    -0.111548  1.40973e-05
sel_devs_fsh(40,8)    -0.157243 -0.000107326
sel_devs_fsh(40,9)   -0.0613516  0.000127052
sel_devs_fsh(40,10)   0.00239974  0.000153843
sel_devs_fsh(40,11)   -0.0010931 -7.91624e-06
sel_devs_fsh(40,12)    -0.049394  4.11422e-05
sel_devs_fsh(41,1)   -0.0968157  7.80017e-05
sel_devs_fsh(41,2)     0.093237 -7.27987e-05
sel_devs_fsh(41,3)     0.562873  4.14939e-05
sel_devs_fsh(41,4)     -0.07377 -2.67288e-06
sel_devs_fsh(41,5)     -0.30464 -5.65168e-05
sel_devs_fsh(41,6)   -0.0495687 -0.000165181
sel_devs_fsh(41,7)   -0.0593372  3.00844e-05
sel_devs_fsh(41,8)   -0.0297651 -0.000126177
sel_devs_fsh(41,9)   -0.0761645  0.000144135
sel_devs_fsh(41,10)   -0.0336508  0.000147406
sel_devs_fsh(41,11)    0.0184441  -4.4387e-05
sel_devs_fsh(41,12)    0.0491597  4.79345e-05
sel_devs_fsh(42,1)   -0.0563097  -1.5222e-05
sel_devs_fsh(42,2)    0.0331193   -1.543e-06
sel_devs_fsh(42,3)   -0.0518386  2.32407e-05
sel_devs_fsh(42,4)    0.0168653  7.11421e-06
sel_devs_fsh(42,5)   -0.0434329 -3.63063e-05
sel_devs_fsh(42,6)   0.00804298 -0.000185201
sel_devs_fsh(42,7)    0.0282018  1.89703e-05
sel_devs_fsh(42,8)   -0.0595738 -0.000151834
sel_devs_fsh(42,9)   -0.0277304  0.000125398
sel_devs_fsh(42,10)   0.00303992  0.000161881
sel_devs_fsh(42,11)    0.0515538 -1.73354e-05
sel_devs_fsh(42,12)    0.0980605  4.08948e-05
sel_devs_fsh(43,1)  -0.00550501  4.98068e-05
sel_devs_fsh(43,2)   -0.0675703  6.76456e-05
sel_devs_fsh(43,3)    -0.541574  5.68602e-06
sel_devs_fsh(43,4)    -0.137306  3.86111e-06
sel_devs_fsh(43,5)   -0.0745805 -3.47781e-05
sel_devs_fsh(43,6)    0.0431105 -0.000176102
sel_devs_fsh(43,7)    0.0611837  6.37411e-06
sel_devs_fsh(43,8)     0.130295 -0.000160536
sel_devs_fsh(43,9)      0.14609  0.000109548
sel_devs_fsh(43,10)    0.0807152  0.000136873
sel_devs_fsh(43,11)     0.167839 -6.34584e-05
sel_devs_fsh(43,12)     0.197302  5.97714e-05
sel_devs_fsh(44,1)   -0.0348549 -1.54588e-06
sel_devs_fsh(44,2)    -0.344608 -3.62409e-05
sel_devs_fsh(44,3)     0.186639    4.207e-05
sel_devs_fsh(44,4)    0.0380523 -2.79882e-05
sel_devs_fsh(44,5)    -0.145197  -7.4537e-06
sel_devs_fsh(44,6)   -0.0839558 -0.000175502
sel_devs_fsh(44,7)   -0.0454342  3.95051e-05
sel_devs_fsh(44,8)   -0.0104434 -0.000119098
sel_devs_fsh(44,9)   0.00766537  0.000118364
sel_devs_fsh(44,10)     0.152787  0.000155783
sel_devs_fsh(44,11)     0.152469 -5.52929e-05
sel_devs_fsh(44,12)     0.126878  2.43462e-05
sel_devs_fsh(45,1)   0.00469398 -4.18579e-05
sel_devs_fsh(45,2)     0.079044  3.62653e-05
sel_devs_fsh(45,3)     -0.60675   3.1404e-05
sel_devs_fsh(45,4)     0.435703 -1.36494e-05
sel_devs_fsh(45,5)     0.161432 -2.81874e-05
sel_devs_fsh(45,6)    -0.251435 -0.000153256
sel_devs_fsh(45,7)   -0.0655298  2.48291e-05
sel_devs_fsh(45,8)    0.0931707 -9.24415e-05
sel_devs_fsh(45,9)    0.0960492  8.71697e-05
sel_devs_fsh(45,10)    0.0286801  0.000148761
sel_devs_fsh(45,11)   -0.0311665 -2.49666e-05
sel_devs_fsh(45,12)    0.0561078  1.74974e-05
sel_devs_fsh(46,1)    0.0109496  1.94644e-06
sel_devs_fsh(46,2)   -0.0550282  6.08772e-06
sel_devs_fsh(46,3)      0.04096  3.84175e-05
sel_devs_fsh(46,4)     -1.07228  2.54772e-05
sel_devs_fsh(46,5)     0.419968 -2.30339e-05
sel_devs_fsh(46,6)     0.353689 -0.000166012
sel_devs_fsh(46,7)     0.128062  4.62247e-05
sel_devs_fsh(46,8)    0.0182381 -0.000114526
sel_devs_fsh(46,9)    0.0262237   7.1639e-05
sel_devs_fsh(46,10)    0.0962315  0.000141287
sel_devs_fsh(46,11)    0.0598327 -1.13075e-05
sel_devs_fsh(46,12)   -0.0268454  3.46545e-05
sel_devs_fsh(47,1)   -0.0232534 -5.30802e-06
sel_devs_fsh(47,2)     0.198772 -1.88957e-05
sel_devs_fsh(47,3)     0.185594  2.15706e-05
sel_devs_fsh(47,4)     0.608493  7.94633e-06
sel_devs_fsh(47,5)     -1.08846  -3.6697e-05
sel_devs_fsh(47,6)   -0.0213849 -0.000150377
sel_devs_fsh(47,7)   0.00690387  2.13265e-05
sel_devs_fsh(47,8)    0.0358863 -6.20094e-05
sel_devs_fsh(47,9)    0.0222372  0.000102279
sel_devs_fsh(47,10)   -0.0398079  0.000148826
sel_devs_fsh(47,11)    0.0316503 -4.09006e-05
sel_devs_fsh(47,12)    0.0833668  7.93035e-06
sel_devs_fsh(48,1)    0.0116866 -4.88483e-06
sel_devs_fsh(48,2)    -0.202257  4.87535e-06
sel_devs_fsh(48,3)    0.0250816  4.43223e-06
sel_devs_fsh(48,4)    -0.129437  6.78235e-05
sel_devs_fsh(48,5)      0.50357 -2.00401e-05
sel_devs_fsh(48,6)     -0.62224 -0.000108687
sel_devs_fsh(48,7)    -0.137655  2.00354e-05
sel_devs_fsh(48,8)     0.064237 -0.000119553
sel_devs_fsh(48,9)     0.130344  6.33365e-05
sel_devs_fsh(48,10)     0.143926   0.00010546
sel_devs_fsh(48,11)     0.113058 -3.50786e-06
sel_devs_fsh(48,12)     0.099688  2.92101e-05
sel_devs_fsh(49,1)   -0.0187348  7.11052e-06
sel_devs_fsh(49,2)     0.151306 -5.68564e-06
sel_devs_fsh(49,3)   -0.0372496 -9.47836e-06
sel_devs_fsh(49,4)    -0.141437   6.5158e-05
sel_devs_fsh(49,5)    -0.099726 -6.11716e-05
sel_devs_fsh(49,6)     0.286693 -0.000143515
sel_devs_fsh(49,7)      0.12421  4.19075e-05
sel_devs_fsh(49,8)    -0.145264 -6.44788e-05
sel_devs_fsh(49,9)    -0.120709  5.82905e-05
sel_devs_fsh(49,10)  0.000713193  0.000129474
sel_devs_fsh(49,11)  -0.00324795  -6.9653e-05
sel_devs_fsh(49,12)   0.00344418  3.76955e-05
sel_devs_fsh(50,1)   -0.0131097 -9.12389e-06
sel_devs_fsh(50,2)    -0.515156  3.59854e-05
sel_devs_fsh(50,3)      1.08755 -4.36475e-06
sel_devs_fsh(50,4)     0.191103  7.17807e-05
sel_devs_fsh(50,5)    -0.175333 -8.72395e-05
sel_devs_fsh(50,6)   -0.0935928 -0.000107905
sel_devs_fsh(50,7)    -0.165549  2.16441e-05
sel_devs_fsh(50,8)    -0.130829 -7.80042e-05
sel_devs_fsh(50,9)    -0.114839  5.23636e-05
sel_devs_fsh(50,10)   -0.0339108  6.74874e-05
sel_devs_fsh(50,11)   -0.0209671 -4.25798e-05
sel_devs_fsh(50,12)   -0.0153707  3.81088e-05
sel_devs_fsh(51,1)    0.0708833 -2.48081e-05
sel_devs_fsh(51,2)    -0.110894  -4.1509e-05
sel_devs_fsh(51,3)     -1.45781 -1.96256e-05
sel_devs_fsh(51,4)      1.07305  8.95772e-05
sel_devs_fsh(51,5)     0.300933 -8.30445e-05
sel_devs_fsh(51,6)    0.0285475 -8.37205e-05
sel_devs_fsh(51,7)   -0.0708977  1.41081e-05
sel_devs_fsh(51,8)     0.232963 -4.79964e-05
sel_devs_fsh(51,9)    0.0822537   9.3743e-05
sel_devs_fsh(51,10)   -0.0863703  6.61514e-05
sel_devs_fsh(51,11)   -0.0273305 -3.11186e-05
sel_devs_fsh(51,12)   -0.0353216  5.67242e-05
sel_devs_fsh(52,1)    0.0595093 -3.18825e-05
sel_devs_fsh(52,2)     0.144404   5.6456e-06
sel_devs_fsh(52,3)    -0.289013 -1.46529e-05
sel_devs_fsh(52,4)     -1.10598  5.26813e-05
sel_devs_fsh(52,5)     0.609959 -6.51222e-05
sel_devs_fsh(52,6)     0.348832 -0.000111682
sel_devs_fsh(52,7)     0.211604  -2.8679e-06
sel_devs_fsh(52,8)   -0.0749426 -6.64024e-05
sel_devs_fsh(52,9)     0.105252    6.698e-05
sel_devs_fsh(52,10)    0.0492496  0.000133126
sel_devs_fsh(52,11)   -0.0304968 -2.95335e-05
sel_devs_fsh(52,12)   -0.0283746  6.23787e-05
sel_devs_fsh(53,1)    0.0362949 -2.55617e-05
sel_devs_fsh(53,2)     0.193732 -2.86142e-05
sel_devs_fsh(53,3)    0.0692529 -3.52924e-05
sel_devs_fsh(53,4)    -0.545393   2.2916e-05
sel_devs_fsh(53,5)    0.0585136 -8.22723e-06
sel_devs_fsh(53,6)     0.207832 -0.000115104
sel_devs_fsh(53,7)     0.116113  4.03657e-06
sel_devs_fsh(53,8)     0.110464 -6.26339e-05
sel_devs_fsh(53,9)   -0.0504149  9.14603e-05
sel_devs_fsh(53,10)    -0.075806  8.31942e-05
sel_devs_fsh(53,11)   -0.0692959 -1.24916e-05
sel_devs_fsh(53,12)   -0.0512928  8.24542e-05
sel_devs_fsh(54,1)    0.0970496 -6.63762e-06
sel_devs_fsh(54,2)     0.770602  2.45876e-06
sel_devs_fsh(54,3)      0.14565   1.6981e-05
sel_devs_fsh(54,4)    -0.639496  6.54825e-06
sel_devs_fsh(54,5)     -1.36935  -1.4467e-05
sel_devs_fsh(54,6)    0.0750207 -7.87861e-05
sel_devs_fsh(54,7)     0.486253  1.18242e-06
sel_devs_fsh(54,8)     0.272783 -6.28492e-05
sel_devs_fsh(54,9)     0.174128  6.52733e-05
sel_devs_fsh(54,10)     0.152911  6.67715e-05
sel_devs_fsh(54,11)   -0.0524904 -4.46615e-05
sel_devs_fsh(54,12)    -0.113056  5.18118e-05
sel_devs_fsh(55,1)     0.148071 -3.88827e-06
sel_devs_fsh(55,2)      1.00222  3.00302e-05
sel_devs_fsh(55,3)     0.652596  3.95434e-05
sel_devs_fsh(55,4)     0.746938  1.45241e-05
sel_devs_fsh(55,5)     0.215413 -2.80232e-05
sel_devs_fsh(55,6)    -0.524706 -9.32173e-05
sel_devs_fsh(55,7)    -0.648277 -2.03886e-05
sel_devs_fsh(55,8)    -0.608272 -6.08551e-05
sel_devs_fsh(55,9)    -0.344715  4.19913e-05
sel_devs_fsh(55,10)    -0.297204  9.22218e-06
sel_devs_fsh(55,11)    -0.146465 -1.12481e-05
sel_devs_fsh(55,12)    -0.195596  8.39542e-05
sel_devs_fsh(56,1)   -0.0299285 -2.11862e-05
sel_devs_fsh(56,2)     0.449962  1.16585e-05
sel_devs_fsh(56,3)     0.924633 -3.35456e-05
sel_devs_fsh(56,4)    -0.173495    5.953e-05
sel_devs_fsh(56,5)    -0.118525  -7.6487e-05
sel_devs_fsh(56,6)    -0.576311 -9.30523e-05
sel_devs_fsh(56,7)    -0.169363 -2.12963e-05
sel_devs_fsh(56,8)     0.103023 -2.22819e-05
sel_devs_fsh(56,9)    -0.120699  4.79281e-05
sel_devs_fsh(56,10)    -0.122298  3.43098e-05
sel_devs_fsh(56,11)    -0.100535 -1.09066e-05
sel_devs_fsh(56,12)   -0.0664658  6.66332e-05
sel_devs_fsh(57,1)   0.00041969 -1.01813e-05
sel_devs_fsh(57,2)     0.173042  1.90152e-06
sel_devs_fsh(57,3)    -0.276242 -3.46579e-06
sel_devs_fsh(57,4)     0.617106  2.20803e-05
sel_devs_fsh(57,5)    0.0921426 -2.34334e-05
sel_devs_fsh(57,6)   -0.0422073 -6.76375e-05
sel_devs_fsh(57,7)    -0.201326 -3.12833e-05
sel_devs_fsh(57,8)   -0.0535024 -3.29415e-05
sel_devs_fsh(57,9)    -0.105891  6.03309e-05
sel_devs_fsh(57,10)    -0.172919  2.07291e-05
sel_devs_fsh(57,11)   -0.0306884 -9.22663e-06
sel_devs_fsh(57,12)  6.70206e-05  7.98515e-05
sel_devs_fsh(58,1)    0.0228846  2.20308e-05
sel_devs_fsh(58,2)     -0.36298 -3.12418e-05
sel_devs_fsh(58,3)   -0.0773491  3.29125e-05
sel_devs_fsh(58,4)    0.0196221  3.95921e-05
sel_devs_fsh(58,5)     0.590594 -2.75846e-05
sel_devs_fsh(58,6)     0.273945 -1.00641e-05
sel_devs_fsh(58,7)    -0.302243 -3.49506e-06
sel_devs_fsh(58,8)     -0.17926  2.68827e-06
sel_devs_fsh(58,9)   -0.0266078  6.33728e-05
sel_devs_fsh(58,10)    0.0279029  1.07985e-05
sel_devs_fsh(58,11)  -0.00705491  5.82961e-05
sel_devs_fsh(58,12)    0.0205618  9.11696e-05
sel_devs_fsh(59,1)  5.08526e-06   1.3059e-05
sel_devs_fsh(59,2)   0.00358004 -1.61684e-06
sel_devs_fsh(59,3)   0.00543546  -9.1818e-07
sel_devs_fsh(59,4)     0.128577  2.15154e-05
sel_devs_fsh(59,5)    -0.136001 -1.83871e-05
sel_devs_fsh(59,6)    -0.104154 -6.61241e-05
sel_devs_fsh(59,7)   0.00798497 -1.93322e-05
sel_devs_fsh(59,8)   -0.0257578 -1.45995e-05
sel_devs_fsh(59,9)   -0.0286073  3.29214e-05
sel_devs_fsh(59,10)   0.00792349 -1.99183e-05
sel_devs_fsh(59,11)    0.0344496  3.03709e-05
sel_devs_fsh(59,12)     0.106567  6.92573e-05
sel_devs_ats(1,2)     0.321087 -6.84888e-06
sel_devs_ats(1,3)     0.332011 -3.52717e-05
sel_devs_ats(1,4)     0.305931 -1.76543e-05
sel_devs_ats(1,5)     0.298824 -1.33984e-05
sel_devs_ats(1,6)     0.315418 -8.82092e-06
sel_devs_ats(1,7)     0.320648  1.67891e-05
sel_devs_ats(1,8)     0.316304 -3.06189e-05
sel_devs_ats(2,2)     0.361779 -1.99246e-05
sel_devs_ats(2,3)     0.361927 -4.52742e-05
sel_devs_ats(2,4)     0.357105 -1.57689e-05
sel_devs_ats(2,5)     0.349646 -4.19789e-05
sel_devs_ats(2,6)     0.352539 -5.20846e-06
sel_devs_ats(2,7)     0.358264 -1.60254e-05
sel_devs_ats(2,8)     0.361215   9.7693e-06
sel_devs_ats(3,2)     0.433434 -4.91312e-06
sel_devs_ats(3,3)     0.425942 -3.31956e-06
sel_devs_ats(3,4)     0.395665  4.80678e-06
sel_devs_ats(3,5)     0.409203 -1.47696e-05
sel_devs_ats(3,6)     0.396798  1.52197e-05
sel_devs_ats(3,7)     0.401377   2.0246e-05
sel_devs_ats(3,8)     0.392003 -1.15535e-05
sel_devs_ats(4,2)     0.406098  1.55126e-05
sel_devs_ats(4,3)     0.488488  3.19679e-05
sel_devs_ats(4,4)     0.479126  1.86965e-05
sel_devs_ats(4,5)     0.441658  1.34163e-05
sel_devs_ats(4,6)     0.448406   2.3912e-05
sel_devs_ats(4,7)     0.453156   4.2158e-05
sel_devs_ats(4,8)      0.42725  4.32013e-05
sel_devs_ats(5,2)     0.436824 -5.24533e-06
sel_devs_ats(5,3)      0.52316 -2.12123e-05
sel_devs_ats(5,4)     0.518214 -6.58762e-06
sel_devs_ats(5,5)      0.48325  3.64252e-06
sel_devs_ats(5,6)     0.475634  1.01288e-06
sel_devs_ats(5,7)     0.490926  4.92854e-06
sel_devs_ats(5,8)     0.464452  3.84745e-05
sel_devs_ats(6,2)     0.473952 -3.11272e-06
sel_devs_ats(6,3)     0.497137 -3.37743e-05
sel_devs_ats(6,4)     0.553508 -1.52804e-05
sel_devs_ats(6,5)      0.51816 -1.97158e-05
sel_devs_ats(6,6)     0.523929 -1.92256e-05
sel_devs_ats(6,7)     0.494895  9.72814e-06
sel_devs_ats(6,8)     0.500191  2.16534e-05
sel_devs_ats(7,2)      0.54463 -1.58739e-05
sel_devs_ats(7,3)     0.539017 -1.88787e-05
sel_devs_ats(7,4)     0.522334  -1.0258e-05
sel_devs_ats(7,5)     0.550721 -1.36185e-05
sel_devs_ats(7,6)     0.555671 -4.12171e-06
sel_devs_ats(7,7)     0.537024  2.27267e-05
sel_devs_ats(7,8)     0.521939 -6.32482e-06
sel_devs_ats(8,2)     0.548628 -5.04721e-06
sel_devs_ats(8,3)     0.565112 -7.63064e-06
sel_devs_ats(8,4)     0.553515 -4.28705e-06
sel_devs_ats(8,5)     0.567177 -2.11294e-05
sel_devs_ats(8,6)     0.572812 -5.50613e-06
sel_devs_ats(8,7)     0.559593  1.49425e-05
sel_devs_ats(8,8)     0.543144  6.25201e-06
sel_devs_ats(9,2)       0.5149  1.02056e-05
sel_devs_ats(9,3)     0.512915 -4.56079e-06
sel_devs_ats(9,4)     0.584817  5.12646e-06
sel_devs_ats(9,5)     0.601148 -2.58235e-06
sel_devs_ats(9,6)     0.585372  -3.4217e-06
sel_devs_ats(9,7)     0.573295   2.4381e-05
sel_devs_ats(9,8)     0.570609 -2.79281e-05
sel_devs_ats(10,2)     0.511198 -1.51251e-06
sel_devs_ats(10,3)     0.526907  2.46313e-05
sel_devs_ats(10,4)     0.612813  3.76047e-06
sel_devs_ats(10,5)     0.613558 -8.79441e-06
sel_devs_ats(10,6)     0.596038  4.84667e-06
sel_devs_ats(10,7)     0.588384  2.72284e-05
sel_devs_ats(10,8)     0.584724 -1.09931e-05
sel_devs_ats(11,2)     0.614218  1.36593e-05
sel_devs_ats(11,3)     0.579967  1.42792e-05
sel_devs_ats(11,4)     0.518939  5.85489e-06
sel_devs_ats(11,5)     0.550707 -6.26328e-06
sel_devs_ats(11,6)     0.581534  2.40883e-06
sel_devs_ats(11,7)     0.590365  3.12902e-05
sel_devs_ats(11,8)     0.594373  1.32836e-06
sel_devs_ats(12,2)     0.594905  2.96376e-06
sel_devs_ats(12,3)     0.572226 -1.57534e-05
sel_devs_ats(12,4)     0.529629 -3.94886e-06
sel_devs_ats(12,5)     0.547771 -3.20426e-05
sel_devs_ats(12,6)     0.575446 -5.86458e-06
sel_devs_ats(12,7)       0.5877  2.01265e-05
sel_devs_ats(12,8)     0.591116 -1.16017e-05
sel_devs_ats(13,2)     0.605318  -7.9108e-06
sel_devs_ats(13,3)     0.590662 -4.03521e-06
sel_devs_ats(13,4)     0.559683  9.09369e-06
sel_devs_ats(13,5)     0.571622 -3.50781e-05
sel_devs_ats(13,6)      0.58132  1.03554e-05
sel_devs_ats(13,7)     0.571195  2.23215e-05
sel_devs_ats(13,8)     0.577045  4.80058e-06
sel_devs_ats(14,2)      0.62114 -2.43175e-05
sel_devs_ats(14,3)     0.591246  -2.7387e-06
sel_devs_ats(14,4)     0.542078  5.81232e-06
sel_devs_ats(14,5)     0.533128 -1.80235e-05
sel_devs_ats(14,6)     0.543745  5.76271e-06
sel_devs_ats(14,7)     0.559228  6.10797e-06
sel_devs_ats(14,8)     0.575699  8.09379e-06
sel_devs_ats(15,2)     0.582277 -2.74625e-05
sel_devs_ats(15,3)     0.576703 -3.09133e-06
sel_devs_ats(15,4)     0.546905  7.06963e-06
sel_devs_ats(15,5)     0.544484 -3.34311e-05
sel_devs_ats(15,6)     0.554141 -5.21029e-06
sel_devs_ats(15,7)     0.564452  1.49375e-05
sel_devs_ats(15,8)     0.565914  2.90154e-06
sel_devs_ats(16,2)     0.587411 -2.56573e-05
sel_devs_ats(16,3)     0.547284  3.89918e-06
sel_devs_ats(16,4)     0.565509  1.35993e-05
sel_devs_ats(16,5)     0.535755 -7.24468e-06
sel_devs_ats(16,6)     0.539566  3.14355e-06
sel_devs_ats(16,7)     0.547278  3.16679e-05
sel_devs_ats(16,8)      0.53814   1.0986e-05
sel_devs_ats(17,2)     0.564783 -1.24779e-05
sel_devs_ats(17,3)     0.539831  2.78114e-05
sel_devs_ats(17,4)     0.511439  3.80169e-05
sel_devs_ats(17,5)     0.520796  8.64192e-06
sel_devs_ats(17,6)     0.529756  1.73568e-05
sel_devs_ats(17,7)      0.53604  1.99358e-05
sel_devs_ats(17,8)      0.52342 -1.13512e-05
sel_devs_ats(18,2)     0.562991 -4.08037e-05
sel_devs_ats(18,3)     0.526654  3.92237e-06
sel_devs_ats(18,4)     0.498567 -1.20813e-06
sel_devs_ats(18,5)     0.509164 -1.50569e-05
sel_devs_ats(18,6)     0.520644 -2.67375e-07
sel_devs_ats(18,7)     0.527517  4.19625e-06
sel_devs_ats(18,8)     0.511048  3.71645e-06
sel_devs_ats(19,2)     0.530128 -2.08215e-05
sel_devs_ats(19,3)     0.542315  3.75247e-06
sel_devs_ats(19,4)     0.568381   1.8898e-05
sel_devs_ats(19,5)     0.553595 -1.73268e-05
sel_devs_ats(19,6)     0.548398 -1.18614e-05
sel_devs_ats(19,7)     0.532537  2.36726e-05
sel_devs_ats(19,8)     0.495961 -1.29354e-05
sel_devs_ats(20,2)     0.551499 -2.72179e-05
sel_devs_ats(20,3)     0.536558  7.39106e-06
sel_devs_ats(20,4)     0.573592   3.3808e-05
sel_devs_ats(20,5)     0.556824 -1.07227e-05
sel_devs_ats(20,6)     0.556198  -2.3436e-05
sel_devs_ats(20,7)     0.547544   3.2646e-05
sel_devs_ats(20,8)     0.499866  8.61044e-06
sel_devs_ats(21,2)     0.460374 -2.94783e-05
sel_devs_ats(21,3)      0.58511  4.13216e-06
sel_devs_ats(21,4)     0.608535  1.25158e-05
sel_devs_ats(21,5)     0.583875 -1.30644e-05
sel_devs_ats(21,6)     0.556852 -2.30707e-05
sel_devs_ats(21,7)     0.553786   2.1174e-05
sel_devs_ats(21,8)     0.537157 -4.96109e-05
sel_devs_ats(22,2)     0.459762 -2.23692e-05
sel_devs_ats(22,3)     0.552739  3.76429e-05
sel_devs_ats(22,4)     0.632307  1.11274e-05
sel_devs_ats(22,5)     0.583155 -4.10843e-06
sel_devs_ats(22,6)     0.558924 -2.89651e-06
sel_devs_ats(22,7)     0.548287    4.383e-05
sel_devs_ats(22,8)     0.581449  -1.3363e-05
sel_devs_ats(23,2)     0.579362 -2.08468e-05
sel_devs_ats(23,3)     0.530298  3.86089e-05
sel_devs_ats(23,4)     0.481313   1.4833e-05
sel_devs_ats(23,5)     0.572595 -1.17801e-05
sel_devs_ats(23,6)     0.590081  1.16945e-05
sel_devs_ats(23,7)     0.584684  2.58231e-05
sel_devs_ats(23,8)     0.610718 -3.01242e-05
sel_devs_ats(24,2)     0.584098 -1.97596e-05
sel_devs_ats(24,3)     0.553817  2.23581e-05
sel_devs_ats(24,4)     0.530148  1.09375e-05
sel_devs_ats(24,5)     0.602666 -4.38735e-09
sel_devs_ats(24,6)      0.60852 -6.80218e-06
sel_devs_ats(24,7)     0.608323  1.19411e-05
sel_devs_ats(24,8)     0.622883 -3.62941e-05
sel_devs_ats(25,2)     0.606619 -2.87566e-05
sel_devs_ats(25,3)     0.619755 -2.03576e-06
sel_devs_ats(25,4)     0.656197 -6.44004e-06
sel_devs_ats(25,5)     0.635364  1.53166e-06
sel_devs_ats(25,6)     0.630971 -1.69623e-05
sel_devs_ats(25,7)     0.620848  1.94671e-05
sel_devs_ats(25,8)     0.624684  2.34118e-06
sel_devs_ats(26,2)     0.619214 -1.25613e-05
sel_devs_ats(26,3)     0.642183   1.7332e-05
sel_devs_ats(26,4)      0.67843  2.22205e-05
sel_devs_ats(26,5)     0.654496 -1.37053e-05
sel_devs_ats(26,6)     0.642748  9.72236e-06
sel_devs_ats(26,7)     0.643556  1.03317e-05
sel_devs_ats(26,8)     0.650162 -5.78934e-06
sel_devs_ats(27,2)     0.635706 -1.23876e-05
sel_devs_ats(27,3)     0.654398  7.16268e-06
sel_devs_ats(27,4)     0.701043  3.06008e-05
sel_devs_ats(27,5)     0.673183 -1.14375e-05
sel_devs_ats(27,6)     0.663424  1.01882e-05
sel_devs_ats(27,7)     0.666147  1.96403e-05
sel_devs_ats(27,8)     0.670427 -3.10654e-06
sel_devs_ats(28,2)     0.636707 -2.06055e-05
sel_devs_ats(28,3)     0.650301 -1.82879e-05
sel_devs_ats(28,4)     0.732203 -2.40762e-08
sel_devs_ats(28,5)     0.683699 -3.25728e-05
sel_devs_ats(28,6)      0.67916 -1.57793e-05
sel_devs_ats(28,7)     0.683327  7.33353e-06
sel_devs_ats(28,8)     0.687182 -1.93769e-05
sel_devs_ats(29,2)     0.695517  1.69409e-05
sel_devs_ats(29,3)     0.684169 -1.11256e-05
sel_devs_ats(29,4)     0.610673 -6.31506e-06
sel_devs_ats(29,5)     0.675975 -1.02134e-05
sel_devs_ats(29,6)     0.698288  3.83885e-06
sel_devs_ats(29,7)     0.704118  3.10633e-05
sel_devs_ats(29,8)     0.701608 -3.08011e-06
sel_devs_ats(30,2)     0.683794  1.02543e-05
sel_devs_ats(30,3)     0.680606  4.59649e-07
sel_devs_ats(30,4)      0.63239 -5.25738e-06
sel_devs_ats(30,5)     0.678345  2.01413e-06
sel_devs_ats(30,6)     0.702576  1.72393e-05
sel_devs_ats(30,7)     0.710861  1.87486e-05
sel_devs_ats(30,8)     0.704052 -1.67277e-05
sel_coffs_fsh(1)     -4.10651  9.99274e-08
sel_coffs_fsh(2)     -2.16517 -2.52691e-06
sel_coffs_fsh(3)    -0.883455  2.10373e-06
sel_coffs_fsh(4)      0.35856  2.42779e-06
sel_coffs_fsh(5)     0.338948  -2.0997e-05
sel_coffs_fsh(6)     0.309982  2.43868e-06
sel_coffs_fsh(7)     0.269755  6.61349e-06
sel_coffs_fsh(8)      0.22952 -3.74263e-05
sel_coffs_fsh(9)      0.19454  6.26301e-06
sel_coffs_fsh(10)     0.166952   8.8395e-06
sel_coffs_fsh(11)     0.145197  5.38041e-05
sel_coffs_fsh(12)     0.128357 -2.24763e-05
sel_coffs_ats(2)    -0.156113 -1.66957e-06
sel_coffs_ats(3)     -0.15869 -2.61669e-06
sel_coffs_ats(4)    0.0210113 -7.53517e-07
sel_coffs_ats(5)     0.145136 -1.88042e-06
sel_coffs_ats(6)     0.186156  2.07142e-08
sel_coffs_ats(7)     0.284342  2.11565e-06
sel_coffs_ats(8)      0.41713  1.33173e-05
sel_slp_bts     0.988605  3.99999e-05
sel_a50_bts      6.23639 -7.86085e-06
sel_age_one_bts     -3.19423 -9.27821e-07
sel_slp_bts_dev(1982)    -0.705028  1.61817e-05
sel_slp_bts_dev(1983)     0.046792  -1.9728e-05
sel_slp_bts_dev(1984)   0.00881538  2.49482e-05
sel_slp_bts_dev(1985)    -0.400762  7.24336e-06
sel_slp_bts_dev(1986)    -0.342811  -2.3053e-05
sel_slp_bts_dev(1987)     -0.44218 -4.23852e-05
sel_slp_bts_dev(1988)    -0.545414  2.04209e-06
sel_slp_bts_dev(1989)    -0.436878 -2.54884e-05
sel_slp_bts_dev(1990)     0.327861  1.50127e-05
sel_slp_bts_dev(1991)     0.222202  1.02681e-05
sel_slp_bts_dev(1992)     0.171681 -1.57759e-05
sel_slp_bts_dev(1993)     0.312629 -8.94335e-06
sel_slp_bts_dev(1994)     0.280555 -7.90431e-07
sel_slp_bts_dev(1995)      0.23357  4.33413e-07
sel_slp_bts_dev(1996)     -0.13676 -2.65593e-05
sel_slp_bts_dev(1997)    -0.288608  2.27525e-05
sel_slp_bts_dev(1998)     -0.51003 -2.49082e-05
sel_slp_bts_dev(1999)    -0.604429 -1.35388e-06
sel_slp_bts_dev(2000)    -0.338251  9.47283e-06
sel_slp_bts_dev(2001)     -0.47998  3.41727e-05
sel_slp_bts_dev(2002)   -0.0630452 -6.64898e-06
sel_slp_bts_dev(2003)     0.173485 -4.28756e-05
sel_slp_bts_dev(2004)    0.0815677  4.70225e-06
sel_slp_bts_dev(2005)     0.208488  1.17553e-05
sel_slp_bts_dev(2006)   -0.0823278  5.96408e-06
sel_slp_bts_dev(2007)     0.337239  1.82055e-05
sel_slp_bts_dev(2008)     0.542489 -9.23083e-06
sel_slp_bts_dev(2009)     0.239138   5.2502e-06
sel_slp_bts_dev(2010)     0.752679 -2.07673e-05
sel_slp_bts_dev(2011)     0.550101 -3.10098e-05
sel_slp_bts_dev(2012)     0.205374   2.3273e-05
sel_slp_bts_dev(2013)     0.298327  7.73061e-06
sel_slp_bts_dev(2014)     0.529907 -1.01976e-06
sel_slp_bts_dev(2015)     0.433462 -1.48381e-05
sel_slp_bts_dev(2016)     0.428965 -2.07437e-05
sel_slp_bts_dev(2017)      0.25311  1.39276e-05
sel_slp_bts_dev(2018)    -0.337387 -3.12291e-05
sel_slp_bts_dev(2019)   0.00442019  4.64353e-06
sel_slp_bts_dev(2020)    -0.118212  1.55496e-05
sel_slp_bts_dev(2021)    -0.207349  4.12744e-05
sel_slp_bts_dev(2022)    -0.037381 -3.16687e-05
sel_slp_bts_dev(2023)    -0.338568  1.30431e-05
sel_slp_bts_dev(2024)    -0.227457 -1.30403e-06
sel_a50_bts_dev(1982)  -0.00956581  2.91368e-05
sel_a50_bts_dev(1983)    -0.157331 -2.37949e-05
sel_a50_bts_dev(1984)   -0.0347057  6.85688e-05
sel_a50_bts_dev(1985)    0.0770158  2.17873e-05
sel_a50_bts_dev(1986)     0.100213 -1.30518e-05
sel_a50_bts_dev(1987)    0.0623767 -6.63628e-05
sel_a50_bts_dev(1988)   -0.0516157  6.95477e-05
sel_a50_bts_dev(1989)   -0.0982657 -1.95222e-05
sel_a50_bts_dev(1990)    -0.208785  1.42326e-05
sel_a50_bts_dev(1991)    -0.130182  4.62834e-05
sel_a50_bts_dev(1992)    -0.133047 -4.51557e-05
sel_a50_bts_dev(1993)    -0.168694  3.45146e-05
sel_a50_bts_dev(1994)   -0.0883553 -4.09304e-05
sel_a50_bts_dev(1995)   0.00333464  5.38619e-05
sel_a50_bts_dev(1996)     0.186063 -7.97809e-05
sel_a50_bts_dev(1997)     0.222904  -4.5638e-05
sel_a50_bts_dev(1998)     0.313153  3.53247e-05
sel_a50_bts_dev(1999)      0.27704 -2.07535e-06
sel_a50_bts_dev(2000)     0.143166  3.77066e-05
sel_a50_bts_dev(2001)      0.17809 -7.50147e-06
sel_a50_bts_dev(2002)    0.0549416  3.00321e-06
sel_a50_bts_dev(2003)   0.00653589 -9.12932e-05
sel_a50_bts_dev(2004)    0.0396848  0.000104755
sel_a50_bts_dev(2005)   -0.0185754 -1.56971e-05
sel_a50_bts_dev(2006)    0.0894111   9.1661e-05
sel_a50_bts_dev(2007)   -0.0850951  3.33215e-05
sel_a50_bts_dev(2008)     -0.11932 -0.000148466
sel_a50_bts_dev(2009)   -0.0296941   6.3201e-06
sel_a50_bts_dev(2010)    -0.211187 -6.61355e-05
sel_a50_bts_dev(2011)   -0.0939342 -4.08001e-05
sel_a50_bts_dev(2012)   -0.0496602  6.22391e-05
sel_a50_bts_dev(2013)   -0.0776474  2.38962e-05
sel_a50_bts_dev(2014)    -0.161492  1.29811e-05
sel_a50_bts_dev(2015)    -0.207995  2.22288e-05
sel_a50_bts_dev(2016)    -0.148298 -6.11626e-06
sel_a50_bts_dev(2017)   -0.0707331  3.03211e-05
sel_a50_bts_dev(2018)      0.15306 -9.30491e-05
sel_a50_bts_dev(2019)   -0.0204462 -8.40512e-06
sel_a50_bts_dev(2020)     0.058514 -1.07538e-05
sel_a50_bts_dev(2021)     0.129944 -7.26819e-07
sel_a50_bts_dev(2022)    0.0450362  5.35418e-06
sel_a50_bts_dev(2023)     0.196519  3.53459e-05
sel_a50_bts_dev(2024)    0.0376232   5.0508e-05
sel_age_one_bts_dev(1982)   -0.0344184 -1.41198e-05
sel_age_one_bts_dev(1983)   0.00515318  3.70286e-06
sel_age_one_bts_dev(1984)    0.0390263   1.0848e-05
sel_age_one_bts_dev(1985)    -0.215873 -1.49712e-05
sel_age_one_bts_dev(1986)    -0.400272 -1.20874e-05
sel_age_one_bts_dev(1987)    -0.235778  4.50117e-06
sel_age_one_bts_dev(1988)      -0.2897 -1.07352e-05
sel_age_one_bts_dev(1989)   -0.0531053  2.76072e-06
sel_age_one_bts_dev(1990)    0.0931303  1.47205e-05
sel_age_one_bts_dev(1991)    -0.168017 -3.05675e-05
sel_age_one_bts_dev(1992)   -0.0309173  4.03135e-06
sel_age_one_bts_dev(1993)    0.0244199 -2.64167e-06
sel_age_one_bts_dev(1994)   -0.0953285  1.90889e-05
sel_age_one_bts_dev(1995)    -0.119706  8.73504e-06
sel_age_one_bts_dev(1996)    -0.107008 -4.27348e-05
sel_age_one_bts_dev(1997)  -0.00840276  2.14392e-05
sel_age_one_bts_dev(1998)    0.0492417  -1.2368e-05
sel_age_one_bts_dev(1999)     0.100743 -1.82561e-06
sel_age_one_bts_dev(2000)     0.182081 -6.64333e-06
sel_age_one_bts_dev(2001)    0.0656373  1.26409e-05
sel_age_one_bts_dev(2002)    0.0658271 -3.22815e-05
sel_age_one_bts_dev(2003)     0.219457 -1.16862e-05
sel_age_one_bts_dev(2004)    0.0429988 -1.06143e-05
sel_age_one_bts_dev(2005)   -0.0319903 -5.81138e-06
sel_age_one_bts_dev(2006)   -0.0380811 -2.93409e-05
sel_age_one_bts_dev(2007)   -0.0616516  5.86929e-05
sel_age_one_bts_dev(2008)     0.161142  2.83075e-05
sel_age_one_bts_dev(2009)     0.338126 -6.31667e-06
sel_age_one_bts_dev(2010)     0.303998 -6.58205e-06
sel_age_one_bts_dev(2011)   -0.0991804 -2.63027e-05
sel_age_one_bts_dev(2012)   -0.0848272  1.54526e-05
sel_age_one_bts_dev(2013)     0.178424 -6.18719e-06
sel_age_one_bts_dev(2014)     0.137985  1.13258e-05
sel_age_one_bts_dev(2015)    0.0316013  7.32963e-06
sel_age_one_bts_dev(2016)    -0.072244 -2.58041e-06
sel_age_one_bts_dev(2017)     -0.08339  3.25465e-05
sel_age_one_bts_dev(2018)   -0.0437167 -1.56479e-05
sel_age_one_bts_dev(2019)     0.232146  2.37231e-07
sel_age_one_bts_dev(2020)    0.0899327 -2.32973e-06
sel_age_one_bts_dev(2021)   -0.0522804  2.40056e-05
sel_age_one_bts_dev(2022)    0.0157371  8.05949e-06
sel_age_one_bts_dev(2023)   -0.0220582  3.03754e-05
sel_age_one_bts_dev(2024)   -0.0288619 -1.23334e-05
rec_dev_future(2025)            0            0
rec_dev_future(2026)            0            0
rec_dev_future(2027)            0            0
rec_dev_future(2028)            0            0
rec_dev_future(2029)            0            0
L1      28.2781 -0.000406283
L2      46.0963 -0.000126126
log_K    -0.127712  0.000259518
d_scale(1,3)     0.524271  5.07513e-06
d_scale(1,4)     0.704796  -1.4517e-05
d_scale(1,5)     0.765596 -5.99428e-06
d_scale(1,6)     0.829606  2.36341e-05
d_scale(1,7)     0.869714 -9.35747e-06
d_scale(1,8)     0.932864 -8.00031e-06
d_scale(1,9)     0.978332  6.12399e-07
d_scale(1,10)     0.974084  1.19645e-06
d_scale(1,11)      0.99401  1.42339e-05
d_scale(1,12)      0.93309 -1.55019e-05
d_scale(1,13)     0.952799 -2.61299e-06
d_scale(1,14)     0.861008 -2.10374e-05
d_scale(1,15)       1.0025 -4.25957e-06
coh_eff(1955)            0            0
coh_eff(1956)            0            0
coh_eff(1957)            0            0
coh_eff(1958)            0            0
coh_eff(1959)            0            0
coh_eff(1960)            0            0
coh_eff(1961)            0            0
coh_eff(1962)            0            0
coh_eff(1963)            0            0
coh_eff(1964)            0            0
coh_eff(1965)            0            0
coh_eff(1966)            0            0
coh_eff(1967)            0            0
coh_eff(1968)            0            0
coh_eff(1969)            0            0
coh_eff(1970)            0            0
coh_eff(1971)    -0.195726  3.22452e-05
coh_eff(1972)     0.270191 -6.92499e-05
coh_eff(1973)    0.0178856  2.58936e-05
coh_eff(1974)      0.50785 -1.18407e-05
coh_eff(1975)    -0.424942  3.38805e-05
coh_eff(1976)      0.55731   4.2274e-05
coh_eff(1977)    -0.494053  1.30375e-05
coh_eff(1978)     0.447586  2.10205e-05
coh_eff(1979)    0.0390435  6.10932e-05
coh_eff(1980)    -0.116118  6.29821e-05
coh_eff(1981)    -0.431926   1.6663e-05
coh_eff(1982)    -0.590149  -1.5817e-05
coh_eff(1983)     0.549419 -2.81363e-05
coh_eff(1984)      0.64913 -2.57682e-05
coh_eff(1985)      1.12421 -4.08919e-06
coh_eff(1986)    -0.050782  3.24852e-05
coh_eff(1987)     0.605564  9.15337e-05
coh_eff(1988)   -0.0270275  3.63642e-05
coh_eff(1989)     -1.01445  2.89093e-05
coh_eff(1990)    -0.880881 -0.000165317
coh_eff(1991)     -0.97245   2.8076e-05
coh_eff(1992)     0.848661 -6.66144e-05
coh_eff(1993)      1.78563  1.60302e-05
coh_eff(1994)      0.49999  3.40931e-05
coh_eff(1995)    -0.989847 -2.06024e-05
coh_eff(1996)   -0.0785233 -5.92183e-06
coh_eff(1997)     0.964749 -3.51366e-06
coh_eff(1998)      0.46444  4.50682e-05
coh_eff(1999)     0.393606 -3.36329e-06
coh_eff(2000)   -0.0710533 -4.46889e-05
coh_eff(2001)     0.382438 -1.89541e-05
coh_eff(2002)     0.875275  8.51611e-05
coh_eff(2003)       1.4554 -3.92888e-05
coh_eff(2004)     0.411144   3.4205e-05
coh_eff(2005)    -0.804029  -2.6043e-05
coh_eff(2006)      -1.1225  7.62442e-06
coh_eff(2007)    -0.453701  2.26155e-05
coh_eff(2008)     -1.67132  1.08849e-05
coh_eff(2009)     -0.77524 -1.38435e-05
coh_eff(2010)     -1.53855 -2.52647e-05
coh_eff(2011)     -2.03472  3.96358e-06
coh_eff(2012)     -1.88594  9.66502e-05
coh_eff(2013)     -1.15802  8.59049e-06
coh_eff(2014)     0.720735  3.10182e-05
coh_eff(2015)     0.774458 -9.82123e-07
coh_eff(2016)    0.0191162  2.14358e-05
coh_eff(2017)       0.3218  4.70761e-05
coh_eff(2018)     0.564118  3.11673e-05
coh_eff(2019)      1.40881 -3.90134e-05
coh_eff(2020)     0.370853 -3.88668e-05
coh_eff(2021)     0.189007 -4.66622e-05
coh_eff(2022)      1.11705 -2.58937e-05
coh_eff(2023)      1.66502  2.98406e-05
coh_eff(2024)     0.353911 -6.26942e-06
coh_eff(2025)            0            0
coh_eff(2026)            0            0
yr_eff(1970)            0            0
yr_eff(1971)     0.182053  9.98705e-05
yr_eff(1972)   -0.0368487 -7.16642e-05
yr_eff(1973)     0.255815  3.16603e-05
yr_eff(1974)     0.285239  2.58487e-05
yr_eff(1975)      1.41123  6.92168e-06
yr_eff(1976)     0.323893  1.12573e-05
yr_eff(1977)      1.80156  1.10812e-06
yr_eff(1978)     0.261992  3.82218e-05
yr_eff(1979)     0.994122  5.95447e-05
yr_eff(1980)      1.05416  7.39156e-05
yr_eff(1981)     0.686782  6.92657e-05
yr_eff(1982)   -0.0135143  6.26093e-05
yr_eff(1983)     0.710122  3.37206e-05
yr_eff(1984)    -0.714578 -2.05553e-05
yr_eff(1985)   -0.0426537 -3.42406e-05
yr_eff(1986)     -1.56818 -2.99451e-05
yr_eff(1987)     -0.75008  -3.0544e-05
yr_eff(1988)     -1.17332  4.85067e-05
yr_eff(1989)    -0.904122  9.36157e-05
yr_eff(1990)     0.295511  0.000328076
yr_eff(1991)    0.0313328 -0.000308641
yr_eff(1992)    0.0445355   2.8653e-05
yr_eff(1993)     0.820972 -0.000130526
yr_eff(1994)    -0.065504 -8.55423e-05
yr_eff(1995)    -0.492022   4.1428e-05
yr_eff(1996)    -0.720847  4.99542e-05
yr_eff(1997)    -0.326737 -6.58447e-05
yr_eff(1998)    -0.623959  6.78554e-05
yr_eff(1999)     -0.44726  3.77587e-05
yr_eff(2000)    -0.347642  4.67101e-06
yr_eff(2001)     0.433007  -9.9033e-05
yr_eff(2002)   -0.0962549 -8.37101e-05
yr_eff(2003)    -0.206935  3.95414e-05
yr_eff(2004)    -0.437964 -0.000146499
yr_eff(2005)    -0.880863  4.23187e-05
yr_eff(2006)    -0.255303   3.7471e-05
yr_eff(2007)     0.847882  5.93109e-06
yr_eff(2008)     0.262084  3.07659e-05
yr_eff(2009)       1.3247  -1.9993e-05
yr_eff(2010)     0.497071  1.15254e-05
yr_eff(2011)     0.644254 -3.97498e-05
yr_eff(2012)    0.0107439  3.19404e-05
yr_eff(2013)     0.428681 -1.68417e-05
yr_eff(2014)     0.558671 -7.15203e-05
yr_eff(2015)     -2.25876   3.7084e-05
yr_eff(2016)    -0.485373 -0.000117063
yr_eff(2017)    -0.209312  4.36655e-05
yr_eff(2018)     -1.02216  -9.5861e-05
yr_eff(2019)     0.652145 -0.000113735
yr_eff(2020)     -1.76719  1.58347e-05
yr_eff(2021)     -1.55096  1.48979e-05
yr_eff(2022)    -0.242907 -3.26811e-05
yr_eff(2023)     -3.43126 -9.66215e-06
yr_eff(2024)     0.849624  7.91219e-06
yr_eff(2025)            0            0
yr_eff(2026)            0            0
yr_eff(2027)            0            0
yr_eff(2028)            0            0
yr_eff(2029)            0            0
