# Number of parameters = 1366 Objective function value = 7062.38853231584  Maximum gradient component = 0.000545105262664459
# log_avgrec:
9.82718578635
# log_avginit:
4.81597738115
# log_avg_F:
-1.41909910524
# natmort_phi:
0.00000000000
# log_q_bts:
0.00000000000
# log_q_std_area:
-0.600000000000
# bt_slope:
0.00000000000
# log_q_ats:
-0.615556187174
# log_Rzero:
10.0729730251
# steepness:
0.622120668202
# log_q_cpue:
0.101013734139
# log_q_avo:
-8.18718928166
# log_initdevs:
 3.31651457993 2.83295538747 1.29811258894 0.470947202197 1.14532358564 0.351402276965 -0.786217891506 -1.24263681525 -1.23564214781 -1.23066044364 -1.22754004161 -1.22916331291 -1.23075162083 -1.23264536937
# log_rec_devs:
 -1.06894462331 0.121472199329 -0.209933893293 0.317834599796 0.174810588286 0.342331830376 0.236007619029 -0.252933109107 -0.455349077790 0.366148191098 0.0484023031037 -0.121294065592 -0.384488184327 -0.332270520538 0.273079565822 1.12410202451 0.385981086846 0.542734609276 -0.0156215169754 1.01398929114 -0.278935072745 0.562854185852 -0.391817318552 -0.963237975983 -1.22869046387 -0.488847420347 0.980533926016 0.353524790161 0.200944838108 0.880956432330 -0.197806026076 -0.555039426333 0.173201274052 0.472864382156 -0.243950200000 -0.160908660819 0.270453887899 0.612864588041 0.203181377396 -0.273349245472 -1.07252615264 -1.42382830731 -0.500987352317 0.279441715407 -0.353533150446 0.963332375132 0.190147409718 -0.307661581188 -0.451701409490 0.836012981896 0.973179973597 0.135970728478 -0.838105575105 -0.837873281445 -0.115963727680 1.47640890747 0.0967757527037 -0.491846764061 -0.478320123701 -0.100487350573 -0.0132916975405
# larv_rec_devs:
 0.00000000000 0.00000000000 0.00000000000 0.00000000000 0.00000000000 0.00000000000 0.00000000000 0.00000000000 0.00000000000 0.00000000000 0.00000000000
 0.00000000000 0.00000000000 0.00000000000 0.00000000000 0.00000000000 0.00000000000 0.00000000000 0.00000000000 0.00000000000 0.00000000000 0.00000000000
 0.00000000000 0.00000000000 0.00000000000 0.00000000000 0.00000000000 0.00000000000 0.00000000000 0.00000000000 0.00000000000 0.00000000000 0.00000000000
 0.00000000000 0.00000000000 0.00000000000 0.00000000000 0.00000000000 0.00000000000 0.00000000000 0.00000000000 0.00000000000 0.00000000000 0.00000000000
 0.00000000000 0.00000000000 0.00000000000 0.00000000000 0.00000000000 0.00000000000 0.00000000000 0.00000000000 0.00000000000 0.00000000000 0.00000000000
 0.00000000000 0.00000000000 0.00000000000 0.00000000000 0.00000000000 0.00000000000 0.00000000000 0.00000000000 0.00000000000 0.00000000000 0.00000000000
 0.00000000000 0.00000000000 0.00000000000 0.00000000000 0.00000000000 0.00000000000 0.00000000000 0.00000000000 0.00000000000 0.00000000000 0.00000000000
 0.00000000000 0.00000000000 0.00000000000 0.00000000000 0.00000000000 0.00000000000 0.00000000000 0.00000000000 0.00000000000 0.00000000000 0.00000000000
 0.00000000000 0.00000000000 0.00000000000 0.00000000000 0.00000000000 0.00000000000 0.00000000000 0.00000000000 0.00000000000 0.00000000000 0.00000000000
 0.00000000000 0.00000000000 0.00000000000 0.00000000000 0.00000000000 0.00000000000 0.00000000000 0.00000000000 0.00000000000 0.00000000000 0.00000000000
 0.00000000000 0.00000000000 0.00000000000 0.00000000000 0.00000000000 0.00000000000 0.00000000000 0.00000000000 0.00000000000 0.00000000000 0.00000000000
# log_F_devs:
 -0.652281848461 -0.627345499037 -0.705131720594 -0.164994452564 -0.178914426406 -0.136810826271 0.225957078791 0.572908707580 0.683722553001 0.814051399002 0.877296811277 0.684199771421 0.575223900387 0.464115051473 0.558135228426 0.609392627305 0.547254462022 0.242525295960 -0.190760762721 -0.389535056553 -0.430427933231 -0.434035035407 -0.518871365508 -0.835740361465 -0.529115209443 -0.501252503399 -0.0875977256605 0.120737903517 0.427858552259 -0.00159298324970 -0.248932639007 -0.266027624411 -0.0940715011014 -0.0626710867105 -0.242014943492 -0.476499460385 -0.380764504199 -0.243661183198 -0.0790708178771 -0.00326381893725 -0.104666906256 -0.167236411811 0.0411145829306 0.124117274423 0.234856999422 0.215776377284 0.0365117789478 0.346283111670 0.358254900975 0.310404859255 0.257032242425 0.338020034369 0.0207283102197 -0.00584338085735 -0.222922826376 -0.109985177681 0.123218764574 0.0654462500710 -0.285099865806 -0.301307888314 -0.196697082596
# sigr:
1.00000000000
# sel_devs_fsh:
 0.0525372684456 0.0924999680817 0.143080235193 -0.0413934673213 -0.0416275046936 -0.0558872036160 -0.0478695655921 -0.0386496151371 -0.0277486089334 -0.0181410609527 -0.0108572738517 -0.00594109006537
 0.0598540528846 0.0997335235259 0.242905710982 -0.132229353356 -0.0948696886248 -0.0735036502635 -0.0521621194239 -0.0325218588735 -0.0194898751273 -0.00812392701571 0.00141003524916 0.00899559540487
 0.124668685182 0.0998364639626 0.00628048744588 -0.00628510841401 -0.0472467872765 -0.0513606026276 -0.0483761729645 -0.0374902350542 -0.0241142062192 -0.0118216178239 -0.00395905611336 -0.000132378501732
 0.131799884182 0.0666762710866 0.156680866188 -0.105679613398 -0.101903575811 -0.0924670399255 -0.0789818806981 -0.0231162090632 -0.00453543080078 0.0105754248020 0.0176693261379 0.0232821256756
 0.187810676005 0.136806897001 -0.0324758837335 -0.252395060989 -0.122935429192 -0.107568349836 -0.0495309308551 0.0101298902483 0.0370746238294 0.0529762196627 0.0599761053665 0.0801291100618
 0.0103784015777 0.0287661413099 -0.0801609717685 -0.0491451434827 -0.00141079633859 -0.0145162240553 -0.0491417931326 0.00650620009300 0.0278138030045 0.0331015468101 0.0376581637515 0.0501449448938
 -0.232712958900 0.197862676769 0.116696286506 0.0803785522217 -0.0210142320123 -0.00761474358842 -0.0171974888978 -0.0308605252089 -0.0138850156342 -0.0162241954186 -0.0226442505647 -0.0327853467124
 -0.253210820353 0.107711293643 0.0696084387105 0.0501738186611 0.0392763545060 0.0488936540396 0.0286207803216 2.78758054204e-05 -0.0103017106150 -0.0174806294653 -0.0255677741089 -0.0377515499607
 -0.210723120507 0.145977570784 0.181096484520 0.0373683911471 0.00774124600134 -0.00342140647683 -0.00276017379648 -0.0281008464681 -0.0211624162445 -0.0250156931537 -0.0324900608431 -0.0485104706613
 -0.193841557529 -0.174948327605 0.130674950473 0.0807699605689 0.0443154424730 0.0369595645107 0.0349014222578 -0.00331086557596 0.00567789480204 0.0129630560919 0.0128456328714 0.0129920784491
 -0.192479985022 -0.0721702394295 -0.0840459060874 0.0901254929207 0.0755156956555 0.0630731956506 0.0563315861385 0.0155014575703 0.0118852310748 0.0131447842802 0.0124227654128 0.0106959659630
 -0.182685800528 0.0178841879057 -0.132280481757 -0.0528104667968 0.0576591070317 0.0618937693694 0.0606807038828 0.0358368126660 0.0283112291719 0.0340731124117 0.0352983954769 0.0361358392398
 -0.223885410900 -0.140850847599 -0.0441388587042 -0.0296972151641 0.0435361919546 0.0540636553957 0.0681774074144 0.0678179447023 0.0549975657341 0.0494434346064 0.0505618572132 0.0499764344705
 -0.179537459333 -0.379624019766 -0.172978764132 -0.0429650016273 0.0824075129271 0.140056525679 0.123472162070 0.123491748008 0.0992489679659 0.0717836420822 0.0684766638325 0.0661630663680
 -0.198427839563 -0.487292417955 -0.274634023747 0.0658584956119 0.115038719288 0.151158905710 0.148212387905 0.139380280702 0.0948510323028 0.0839606032803 0.0824464860986 0.0794456196529
 -0.164877284828 -0.272784050842 -0.279677004237 -0.0226263719793 0.116755688801 0.0849241044972 0.0935149196384 0.0978551872854 0.0922524639647 0.0860135736987 0.0835577182092 0.0850860073487
 -0.130237355952 -0.101819140491 -0.300704751280 -0.0210389155224 0.0259880226450 0.0653756405198 0.0648883642549 0.0734408312419 0.0778706593260 0.0797209403296 0.0817359778830 0.0847700173326
 -0.147185808485 0.102922360434 -0.0845552398791 -0.162094970206 -0.0762011299251 0.0425892675326 0.0363887288767 0.0328616187396 0.0513970785909 0.0595002290743 0.0687071672473 0.0756703675450
 -0.135771115419 -0.150463856022 0.0631126571048 -0.0679946470356 0.0615520046933 0.00691345146339 0.0350575281770 0.0267451694527 0.0271799499563 0.0324264030049 0.0467856885602 0.0544577906365
 -0.151680675916 0.0457738634379 0.139483139321 -0.0778132805955 -0.229996206640 0.0734577455167 0.0425218765603 0.0423708845929 0.0183109776925 0.0241981200493 0.0332075830652 0.0401687235300
 -0.159423940073 -0.0309354565132 0.0777479787636 0.164480087058 -0.0159642453398 -0.0742957816809 0.0222460687174 -0.0306649039657 0.0229744967636 0.00367810494341 0.00252988783806 0.0176296726662
 -0.161060897954 -0.0780094963148 0.122345057834 -0.0839405950380 0.0139272747396 -0.0374015962967 -0.0958533253462 0.136144299945 0.0865078693250 0.0636186723619 0.0280382215460 0.00568486538361
 -0.194274883442 -0.114702624261 0.461231491645 0.0451778146191 0.124458185934 -0.0526490453163 0.133623360065 -0.0935529524126 -0.0905021267056 -0.112042621455 -0.0655629568635 -0.0412087623556
 -0.162908229029 -0.0738085820215 -0.382388050638 0.167677108199 0.0364677968854 0.0825900594857 0.127054084905 0.105124250157 0.0260601464528 0.0689092806291 0.0215950018887 -0.0163712956670
 -0.153411795051 -0.0416467216083 -0.345603607534 0.0383767026385 0.183455875488 0.0585044022700 -0.0281454389945 0.0457859578132 0.0593512810815 -0.0170283834056 0.128428181462 0.0719407857846
 -0.0808229502401 0.00260281803449 -0.371010999203 -0.322501731791 -0.223306929554 -0.0621926705552 0.126687479166 -0.0284436737093 0.165125577242 0.104493705212 0.353638476032 0.335730069979
 -0.156463711201 -0.0672145285345 0.503110587478 -0.261922762167 -0.344254427259 -0.0429316700473 -0.0279177208611 0.215256050847 0.108117574908 0.233138598966 -0.113108167299 -0.0458125770776
 -0.144820091628 -0.489520230764 -0.0305299685028 0.796221424511 -8.75193006635e-05 0.0152705073242 0.0857943528276 0.0254103419015 -0.0125706564657 -0.0511603867357 -0.124656786554 -0.0693469236147
 -0.0509078408592 0.00936753842382 -0.776684830028 -0.295395680698 0.908105809230 0.259697680917 0.0249921153943 -0.0247326880797 -0.0332836747305 -0.00732682100859 0.0217358373235 -0.0355647168899
 -0.0207893342484 0.186479030966 -0.288913073179 -0.687633440401 -0.358721863930 0.466113198460 0.148337356635 0.163765264593 0.133718773582 0.116441233457 0.0859295623843 0.0552830751477
 -0.0354210132496 0.515627489509 0.280187225947 -0.792683723848 -0.743908202920 -0.356804783987 0.274923067603 0.306740776723 0.226037331049 0.154353240472 0.0998265028773 0.0711203377943
 -0.134985486872 0.347176805051 0.155109055899 0.658926885707 -0.0159675314523 -0.410217091222 -0.412971310963 -0.301826492904 -0.00416498781149 0.0317596360446 0.0401537504100 0.0470049240132
 -0.107500537646 -0.382121834876 0.281015133361 0.240060337905 0.197290210037 0.278533749933 -0.242108189601 -0.0662756820732 -0.0732211284603 -0.0470622332108 -0.0448673769569 -0.0337410938637
 -0.153224544729 -0.379079897474 0.828152641278 0.459914469940 0.150787588711 -0.237077220703 0.250459867140 -0.113815421323 -0.280952063020 -0.245741520186 -0.176719187368 -0.102703518293
 -0.0806715290368 -0.152701777643 -0.549369733333 0.304749303769 0.422183652232 0.0117274567504 -0.0216451454455 0.234153731418 0.0190483089138 -0.0545988012112 -0.0550466743411 -0.0778266564055
 -0.0357822585444 -0.203575308036 -0.453728165572 -0.299410085134 0.259311356868 0.617398150419 0.136610047862 -0.0943406203711 0.0325500486190 0.0378827636163 0.0236993394444 -0.0206181518842
 -0.0799374914091 0.170573332583 0.0743449092165 -0.0156577663125 -0.223508608317 0.0621932678663 0.0797414981536 0.0661816054560 0.0479077684247 -0.0209434136688 -0.0844532522343 -0.0764351050886
 -0.0843905487946 -0.335437177646 0.679533870782 -0.0632099179433 0.0334867914245 -0.172038430586 0.0382660253577 0.0432340289608 0.00974490367662 -0.00859969352466 -0.0748496379736 -0.0657291868259
 -0.0397286182343 -0.146661843783 -0.667063607579 0.731409947691 0.0305709873587 -0.118209436965 -0.00462182468670 0.0244131612430 0.0483294464180 0.0538700297994 0.0726652709653 0.0150081512180
 -0.0687005275468 0.0754368397821 0.00219401471487 -0.325091633573 0.439619567590 0.254768750411 -0.111548397892 -0.157242720344 -0.0613515971388 0.00239973854229 -0.00109309599398 -0.0493940305945
 -0.0968156976950 0.0932370401761 0.562872642565 -0.0737699805506 -0.304640045709 -0.0495687115404 -0.0593372432593 -0.0297650716099 -0.0761645204524 -0.0336508468632 0.0184441417450 0.0491596617782
 -0.0563097485190 0.0331192921250 -0.0518385523872 0.0168652564634 -0.0434329033944 0.00804297548846 0.0282017512926 -0.0595737773655 -0.0277303670728 0.00303991596522 0.0515537748598 0.0980604761274
 -0.00550500635553 -0.0675703254139 -0.541573560209 -0.137305988112 -0.0745804618393 0.0431104605075 0.0611836750249 0.130295489831 0.146089833468 0.0807152016622 0.167839153251 0.197301830190
 -0.0348549362673 -0.344608269745 0.186639051278 0.0380523155304 -0.145197220247 -0.0839558003700 -0.0454342340621 -0.0104433778160 0.00766537221682 0.152787368991 0.152469481116 0.126877506707
 0.00469398228282 0.0790439990900 -0.606749627068 0.435702766964 0.161431796213 -0.251434979992 -0.0655297738251 0.0931706795601 0.0960492452001 0.0286800704075 -0.0311664843808 0.0561077876266
 0.0109495575170 -0.0550282054861 0.0409599522922 -1.07227806146 0.419968203969 0.353689198158 0.128062120487 0.0182380685244 0.0262236634537 0.0962315296559 0.0598326616301 -0.0268454414598
 -0.0232534040729 0.198771988669 0.185593503275 0.608493301614 -1.08845745397 -0.0213848802815 0.00690387343378 0.0358863063803 0.0222371947050 -0.0398078522543 0.0316503159786 0.0833667789925
 0.0116866444021 -0.202256614865 0.0250815627622 -0.129437160623 0.503570214685 -0.622239617201 -0.137654524623 0.0642369535700 0.130343721638 0.143925676784 0.113057536327 0.0996880035132
 -0.0187348201753 0.151305869276 -0.0372496285490 -0.141436525840 -0.0997259951415 0.286692967282 0.124210283310 -0.145263806204 -0.120708696937 0.000713193310487 -0.00324794696518 0.00344417911493
 -0.0131097202193 -0.515155789571 1.08755158386 0.191102904679 -0.175333419475 -0.0935927976958 -0.165549122964 -0.130828590054 -0.114839057482 -0.0339107742582 -0.0209671295508 -0.0153707473741
 0.0708833138493 -0.110894296678 -1.45781445617 1.07304833998 0.300932888810 0.0285474525944 -0.0708977089170 0.232962569116 0.0822536733142 -0.0863703294445 -0.0273304773578 -0.0353216350213
 0.0595093014204 0.144404425488 -0.289013158743 -1.10598359392 0.609958946956 0.348832235727 0.211603758852 -0.0749426218903 0.105252451678 0.0492496208869 -0.0304968379337 -0.0283745773278
 0.0362948585117 0.193731912822 0.0692528833964 -0.545392742947 0.0585135730130 0.207832293911 0.116112966891 0.110463591084 -0.0504149260477 -0.0758059706565 -0.0692958890074 -0.0512927959573
 0.0970495867307 0.770601612572 0.145649501526 -0.639496440280 -1.36935326451 0.0750207316163 0.486252698384 0.272782543697 0.174128172758 0.152911305182 -0.0524903840106 -0.113055864342
 0.148071221553 1.00221784314 0.652595552004 0.746937660874 0.215412993421 -0.524706053604 -0.648277107230 -0.608271523201 -0.344715106972 -0.297203919664 -0.146465459696 -0.195595987815
 -0.0299284777133 0.449961536687 0.924632725888 -0.173494954142 -0.118524997436 -0.576310918991 -0.169362861929 0.103022649810 -0.120699376312 -0.122298399022 -0.100534913229 -0.0664658230718
 0.000419690271197 0.173041544114 -0.276242216661 0.617105940443 0.0921425761054 -0.0422072805517 -0.201325968829 -0.0535023800772 -0.105890920827 -0.172919120680 -0.0306884458494 6.70206246998e-05
 0.0228846440121 -0.362979866255 -0.0773491223264 0.0196221225319 0.590593902818 0.273945224311 -0.302243271269 -0.179259834484 -0.0266077897136 0.0279028583062 -0.00705491280113 0.0205618447639
 5.08526265719e-06 0.00358004118054 0.00543545841531 0.128576528017 -0.136001434528 -0.104154231465 0.00798497390847 -0.0257577786345 -0.0286072507192 0.00792348724213 0.0344496169980 0.106567174209
# sel_devs_bts:
 0.00000000000 0.00000000000 0.00000000000 0.00000000000 0.00000000000 0.00000000000 0.00000000000 0.00000000000
 0.00000000000 0.00000000000 0.00000000000 0.00000000000 0.00000000000 0.00000000000 0.00000000000 0.00000000000
 0.00000000000 0.00000000000 0.00000000000 0.00000000000 0.00000000000 0.00000000000 0.00000000000 0.00000000000
 0.00000000000 0.00000000000 0.00000000000 0.00000000000 0.00000000000 0.00000000000 0.00000000000 0.00000000000
 0.00000000000 0.00000000000 0.00000000000 0.00000000000 0.00000000000 0.00000000000 0.00000000000 0.00000000000
 0.00000000000 0.00000000000 0.00000000000 0.00000000000 0.00000000000 0.00000000000 0.00000000000 0.00000000000
 0.00000000000 0.00000000000 0.00000000000 0.00000000000 0.00000000000 0.00000000000 0.00000000000 0.00000000000
 0.00000000000 0.00000000000 0.00000000000 0.00000000000 0.00000000000 0.00000000000 0.00000000000 0.00000000000
 0.00000000000 0.00000000000 0.00000000000 0.00000000000 0.00000000000 0.00000000000 0.00000000000 0.00000000000
 0.00000000000 0.00000000000 0.00000000000 0.00000000000 0.00000000000 0.00000000000 0.00000000000 0.00000000000
 0.00000000000 0.00000000000 0.00000000000 0.00000000000 0.00000000000 0.00000000000 0.00000000000 0.00000000000
 0.00000000000 0.00000000000 0.00000000000 0.00000000000 0.00000000000 0.00000000000 0.00000000000 0.00000000000
 0.00000000000 0.00000000000 0.00000000000 0.00000000000 0.00000000000 0.00000000000 0.00000000000 0.00000000000
 0.00000000000 0.00000000000 0.00000000000 0.00000000000 0.00000000000 0.00000000000 0.00000000000 0.00000000000
 0.00000000000 0.00000000000 0.00000000000 0.00000000000 0.00000000000 0.00000000000 0.00000000000 0.00000000000
 0.00000000000 0.00000000000 0.00000000000 0.00000000000 0.00000000000 0.00000000000 0.00000000000 0.00000000000
 0.00000000000 0.00000000000 0.00000000000 0.00000000000 0.00000000000 0.00000000000 0.00000000000 0.00000000000
 0.00000000000 0.00000000000 0.00000000000 0.00000000000 0.00000000000 0.00000000000 0.00000000000 0.00000000000
 0.00000000000 0.00000000000 0.00000000000 0.00000000000 0.00000000000 0.00000000000 0.00000000000 0.00000000000
 0.00000000000 0.00000000000 0.00000000000 0.00000000000 0.00000000000 0.00000000000 0.00000000000 0.00000000000
 0.00000000000 0.00000000000 0.00000000000 0.00000000000 0.00000000000 0.00000000000 0.00000000000 0.00000000000
 0.00000000000 0.00000000000 0.00000000000 0.00000000000 0.00000000000 0.00000000000 0.00000000000 0.00000000000
 0.00000000000 0.00000000000 0.00000000000 0.00000000000 0.00000000000 0.00000000000 0.00000000000 0.00000000000
 0.00000000000 0.00000000000 0.00000000000 0.00000000000 0.00000000000 0.00000000000 0.00000000000 0.00000000000
 0.00000000000 0.00000000000 0.00000000000 0.00000000000 0.00000000000 0.00000000000 0.00000000000 0.00000000000
 0.00000000000 0.00000000000 0.00000000000 0.00000000000 0.00000000000 0.00000000000 0.00000000000 0.00000000000
 0.00000000000 0.00000000000 0.00000000000 0.00000000000 0.00000000000 0.00000000000 0.00000000000 0.00000000000
 0.00000000000 0.00000000000 0.00000000000 0.00000000000 0.00000000000 0.00000000000 0.00000000000 0.00000000000
 0.00000000000 0.00000000000 0.00000000000 0.00000000000 0.00000000000 0.00000000000 0.00000000000 0.00000000000
 0.00000000000 0.00000000000 0.00000000000 0.00000000000 0.00000000000 0.00000000000 0.00000000000 0.00000000000
 0.00000000000 0.00000000000 0.00000000000 0.00000000000 0.00000000000 0.00000000000 0.00000000000 0.00000000000
 0.00000000000 0.00000000000 0.00000000000 0.00000000000 0.00000000000 0.00000000000 0.00000000000 0.00000000000
 0.00000000000 0.00000000000 0.00000000000 0.00000000000 0.00000000000 0.00000000000 0.00000000000 0.00000000000
 0.00000000000 0.00000000000 0.00000000000 0.00000000000 0.00000000000 0.00000000000 0.00000000000 0.00000000000
 0.00000000000 0.00000000000 0.00000000000 0.00000000000 0.00000000000 0.00000000000 0.00000000000 0.00000000000
 0.00000000000 0.00000000000 0.00000000000 0.00000000000 0.00000000000 0.00000000000 0.00000000000 0.00000000000
 0.00000000000 0.00000000000 0.00000000000 0.00000000000 0.00000000000 0.00000000000 0.00000000000 0.00000000000
 0.00000000000 0.00000000000 0.00000000000 0.00000000000 0.00000000000 0.00000000000 0.00000000000 0.00000000000
 0.00000000000 0.00000000000 0.00000000000 0.00000000000 0.00000000000 0.00000000000 0.00000000000 0.00000000000
 0.00000000000 0.00000000000 0.00000000000 0.00000000000 0.00000000000 0.00000000000 0.00000000000 0.00000000000
 0.00000000000 0.00000000000 0.00000000000 0.00000000000 0.00000000000 0.00000000000 0.00000000000 0.00000000000
 0.00000000000 0.00000000000 0.00000000000 0.00000000000 0.00000000000 0.00000000000 0.00000000000 0.00000000000
# sel_devs_ats:
 0.321087431148 0.332011260066 0.305930794391 0.298824447358 0.315418480194 0.320647777805 0.316303831673
 0.361778884374 0.361927221055 0.357104948998 0.349645858185 0.352539082390 0.358263829549 0.361214855206
 0.433433531613 0.425941505137 0.395665318713 0.409202777905 0.396798071939 0.401376831056 0.392002852764
 0.406098296918 0.488487932135 0.479125654632 0.441657596131 0.448406079701 0.453155885767 0.427250213129
 0.436823943109 0.523160442997 0.518213708166 0.483249866245 0.475633766070 0.490925724229 0.464452251961
 0.473951519542 0.497136709672 0.553508199720 0.518159858668 0.523929424817 0.494895119124 0.500191361071
 0.544630355240 0.539017128572 0.522333744109 0.550721244877 0.555670690053 0.537023856304 0.521939353134
 0.548627803184 0.565112359254 0.553514831423 0.567176935685 0.572811722036 0.559593383846 0.543143902855
 0.514900422226 0.512914643931 0.584817291237 0.601147705973 0.585372151983 0.573294915823 0.570609346143
 0.511197940133 0.526907397726 0.612813379814 0.613558474702 0.596037636773 0.588384340081 0.584724242065
 0.614218310536 0.579967384025 0.518939437653 0.550707101528 0.581533893287 0.590364779608 0.594373209346
 0.594904818482 0.572225536307 0.529628537809 0.547770831528 0.575446030564 0.587700383014 0.591116311689
 0.605318468889 0.590662346032 0.559683428040 0.571622491843 0.581319837779 0.571194738043 0.577044627644
 0.621139739490 0.591246301257 0.542078043464 0.533127685049 0.543744925593 0.559228068276 0.575699228215
 0.582277447717 0.576703263500 0.546904668147 0.544484294428 0.554140518307 0.564451846706 0.565914012248
 0.587410777311 0.547284218075 0.565509386897 0.535754714468 0.539565596415 0.547277931181 0.538140251712
 0.564783118841 0.539830528781 0.511438968792 0.520796039171 0.529755946161 0.536039659999 0.523419655027
 0.562991169315 0.526653554575 0.498566640330 0.509163680425 0.520643557608 0.527516773318 0.511047667835
 0.530127832943 0.542315024253 0.568380576992 0.553594752131 0.548397626837 0.532536850969 0.495960544130
 0.551498716332 0.536558279794 0.573592135048 0.556824238509 0.556198436630 0.547544468617 0.499865866723
 0.460374118613 0.585109751495 0.608535399323 0.583874899963 0.556852442466 0.553786325949 0.537156678921
 0.459762256772 0.552738794132 0.632307035627 0.583155075346 0.558924029087 0.548286740482 0.581448862657
 0.579362339554 0.530297782883 0.481312696660 0.572595072344 0.590080994961 0.584683826039 0.610717624765
 0.584097717861 0.553817465465 0.530147965789 0.602665655357 0.608519776792 0.608322615060 0.622883252133
 0.606618697052 0.619755109889 0.656197457414 0.635363524457 0.630971289826 0.620848099628 0.624683936743
 0.619213819165 0.642182510861 0.678429811889 0.654495937158 0.642747918902 0.643555880783 0.650162366689
 0.635705526164 0.654397564218 0.701043237827 0.673183189118 0.663424245983 0.666147325583 0.670427196865
 0.636707477458 0.650300759564 0.732203157002 0.683699434522 0.679160464060 0.683327486991 0.687181809323
 0.695517301531 0.684169230028 0.610673413972 0.675974664500 0.698287651243 0.704117957476 0.701607744759
 0.683794207667 0.680606188295 0.632389879246 0.678345476084 0.702576487252 0.710861447294 0.704052410786
# sel_coffs_fsh:
 -4.10651495635 -2.16517165246 -0.883454794565 0.358559948471 0.338947800787 0.309981569445 0.269754539557 0.229519944368 0.194540159863 0.166952121453 0.145196834945 0.128357076243
# sel_coffs_bts:
 -0.0100000000000 -0.0100000000000 -0.0100000000000 -0.0100000000000 -0.0100000000000 -0.0100000000000 -0.0100000000000 -0.0100000000000
# sel_coffs_ats:
 -0.156112879536 -0.158689675323 0.0210113027161 0.145135598196 0.186156016355 0.284341805052 0.417129977321
# sel_slp_bts:
0.988604664859
# sel_a50_bts:
6.23639130216
# sel_age_one_bts:
-3.19423201815
# sel_slp_bts_dev:
 -0.705027646459 0.0467920110733 0.00881537620949 -0.400762356686 -0.342810759815 -0.442179781442 -0.545413872794 -0.436877932382 0.327860743720 0.222202277838 0.171680534464 0.312629485642 0.280555398667 0.233569543565 -0.136760153000 -0.288607563564 -0.510030342699 -0.604428738504 -0.338250831783 -0.479980089667 -0.0630452062866 0.173484981073 0.0815676516905 0.208487686393 -0.0823277732151 0.337238945410 0.542489453514 0.239137560733 0.752679172081 0.550101278746 0.205373596029 0.298327377928 0.529907023609 0.433462055372 0.428965109876 0.253109551163 -0.337387173506 0.00442019330562 -0.118211758613 -0.207348717485 -0.0373809761855 -0.338568368670 -0.227456965345
# sel_a50_bts_dev:
 -0.00956580589432 -0.157331222645 -0.0347057134675 0.0770158411638 0.100213369975 0.0623766595772 -0.0516156974147 -0.0982657385307 -0.208785270515 -0.130182222871 -0.133046684777 -0.168694011497 -0.0883553449898 0.00333464160222 0.186063067696 0.222903844683 0.313152764158 0.277039622849 0.143166042594 0.178089820411 0.0549415674438 0.00653589101363 0.0396847544816 -0.0185754224874 0.0894110688710 -0.0850951173676 -0.119319982621 -0.0296941281334 -0.211186679923 -0.0939342461345 -0.0496602380205 -0.0776474387021 -0.161492443893 -0.207994891064 -0.148298330009 -0.0707330663397 0.153060123256 -0.0204461532756 0.0585140318195 0.129943991464 0.0450362381879 0.196519346044 0.0376231632829
# sel_age_one_bts_dev:
 -0.0344183928136 0.00515317730714 0.0390262780940 -0.215872838028 -0.400272243244 -0.235778425021 -0.289700136168 -0.0531053413497 0.0931302818473 -0.168016773209 -0.0309173311258 0.0244198683725 -0.0953285492656 -0.119705898826 -0.107008306694 -0.00840275756004 0.0492416597162 0.100743467529 0.182080954862 0.0656373283372 0.0658270724915 0.219457494137 0.0429987817835 -0.0319902933390 -0.0380810635728 -0.0616516251108 0.161142245459 0.338125855261 0.303997605563 -0.0991803587523 -0.0848271524522 0.178424183979 0.137985410864 0.0316012927905 -0.0722440057098 -0.0833899923388 -0.0437166581873 0.232145834214 0.0899327171891 -0.0522803851892 0.0157371327197 -0.0220581860249 -0.0288619285345
# sel_dif1_fsh:
1.00000000000
# sel_a501_fsh:
3.00000000000
# sel_trm2_fsh:
0.900000000000
# sel_dif2_fsh:
5.00000000000
# sel_dif1_fsh_dev:
 0.00000000000 0.00000000000 0.00000000000 0.00000000000 0.00000000000 0.00000000000 0.00000000000 0.00000000000 0.00000000000 0.00000000000 0.00000000000 0.00000000000 0.00000000000 0.00000000000 0.00000000000 0.00000000000 0.00000000000 0.00000000000 0.00000000000 0.00000000000 0.00000000000 0.00000000000 0.00000000000 0.00000000000 0.00000000000 0.00000000000 0.00000000000 0.00000000000 0.00000000000 0.00000000000 0.00000000000 0.00000000000 0.00000000000 0.00000000000 0.00000000000 0.00000000000 0.00000000000 0.00000000000 0.00000000000 0.00000000000 0.00000000000 0.00000000000 0.00000000000 0.00000000000 0.00000000000 0.00000000000 0.00000000000 0.00000000000 0.00000000000 0.00000000000 0.00000000000 0.00000000000 0.00000000000 0.00000000000 0.00000000000 0.00000000000 0.00000000000 0.00000000000 0.00000000000 0.00000000000 0.00000000000
# sel_a501_fsh_dev:
 0.00000000000 0.00000000000 0.00000000000 0.00000000000 0.00000000000 0.00000000000 0.00000000000 0.00000000000 0.00000000000 0.00000000000 0.00000000000 0.00000000000 0.00000000000 0.00000000000 0.00000000000 0.00000000000 0.00000000000 0.00000000000 0.00000000000 0.00000000000 0.00000000000 0.00000000000 0.00000000000 0.00000000000 0.00000000000 0.00000000000 0.00000000000 0.00000000000 0.00000000000 0.00000000000 0.00000000000 0.00000000000 0.00000000000 0.00000000000 0.00000000000 0.00000000000 0.00000000000 0.00000000000 0.00000000000 0.00000000000 0.00000000000 0.00000000000 0.00000000000 0.00000000000 0.00000000000 0.00000000000 0.00000000000 0.00000000000 0.00000000000 0.00000000000 0.00000000000 0.00000000000 0.00000000000 0.00000000000 0.00000000000 0.00000000000 0.00000000000 0.00000000000 0.00000000000 0.00000000000 0.00000000000
# sel_trm2_fsh_dev:
 0.00000000000 0.00000000000 0.00000000000 0.00000000000 0.00000000000 0.00000000000 0.00000000000 0.00000000000 0.00000000000 0.00000000000 0.00000000000 0.00000000000 0.00000000000 0.00000000000 0.00000000000 0.00000000000 0.00000000000 0.00000000000 0.00000000000 0.00000000000 0.00000000000 0.00000000000 0.00000000000 0.00000000000 0.00000000000 0.00000000000 0.00000000000 0.00000000000 0.00000000000 0.00000000000 0.00000000000 0.00000000000 0.00000000000 0.00000000000 0.00000000000 0.00000000000 0.00000000000 0.00000000000 0.00000000000 0.00000000000 0.00000000000 0.00000000000 0.00000000000 0.00000000000 0.00000000000 0.00000000000 0.00000000000 0.00000000000 0.00000000000 0.00000000000 0.00000000000 0.00000000000 0.00000000000 0.00000000000 0.00000000000 0.00000000000 0.00000000000 0.00000000000 0.00000000000 0.00000000000 0.00000000000
# rec_dev_future:
 0.00000000000 0.00000000000 0.00000000000 0.00000000000 0.00000000000
# M_dev:
 0.00000000000 0.00000000000 0.00000000000 0.00000000000 0.00000000000 0.00000000000 0.00000000000 0.00000000000 0.00000000000 0.00000000000 0.00000000000 0.00000000000 0.00000000000 0.00000000000 0.00000000000 0.00000000000 0.00000000000 0.00000000000 0.00000000000 0.00000000000 0.00000000000 0.00000000000 0.00000000000 0.00000000000 0.00000000000 0.00000000000 0.00000000000 0.00000000000 0.00000000000 0.00000000000 0.00000000000 0.00000000000 0.00000000000 0.00000000000 0.00000000000 0.00000000000 0.00000000000 0.00000000000 0.00000000000 0.00000000000 0.00000000000 0.00000000000 0.00000000000 0.00000000000 0.00000000000 0.00000000000 0.00000000000 0.00000000000 0.00000000000 0.00000000000 0.00000000000 0.00000000000 0.00000000000 0.00000000000 0.00000000000 0.00000000000 0.00000000000 0.00000000000 0.00000000000 0.00000000000
# L1:
28.2780669249
# L2:
46.0963291343
# log_alpha:
-11.0000000000
# log_K:
-0.127712246033
# d_scale:
 0.524271016414 0.704796043272 0.765596312621 0.829605775741 0.869713523823 0.932864141716 0.978332023863 0.974084096475 0.994009993969 0.933090141794 0.952799212691 0.861007971147 1.00250077066
# coh_eff:
 0.00000000000 0.00000000000 0.00000000000 0.00000000000 0.00000000000 0.00000000000 0.00000000000 0.00000000000 0.00000000000 0.00000000000 0.00000000000 0.00000000000 0.00000000000 0.00000000000 0.00000000000 0.00000000000 -0.195726049970 0.270191291144 0.0178855643348 0.507849663463 -0.424942326658 0.557310228567 -0.494052660523 0.447586472994 0.0390434701391 -0.116117854291 -0.431925500255 -0.590149105066 0.549419121561 0.649129794930 1.12421045927 -0.0507819653116 0.605563508225 -0.0270275071360 -1.01445240289 -0.880880869144 -0.972450374018 0.848661378506 1.78563178411 0.499990061039 -0.989846773489 -0.0785232822688 0.964749424886 0.464439874248 0.393605574914 -0.0710533146862 0.382437836763 0.875274587238 1.45540096592 0.411144100867 -0.804028963822 -1.12250306592 -0.453700889144 -1.67131728483 -0.775240236626 -1.53854957394 -2.03471544013 -1.88593688276 -1.15802447168 0.720734771158 0.774457914885 0.0191161681824 0.321800019281 0.564117667075 1.40880572522 0.370852571505 0.189006837892 1.11705018448 1.66502138559 0.353910754913 0.00000000000 0.00000000000
# yr_eff:
 0.00000000000 0.182053275062 -0.0368487284735 0.255814652896 0.285238784497 1.41123156118 0.323893286780 1.80156415969 0.261992338540 0.994122479850 1.05416357366 0.686782462368 -0.0135142581816 0.710121836162 -0.714577893324 -0.0426537285830 -1.56818020299 -0.750080299352 -1.17331694118 -0.904122333149 0.295511026154 0.0313327768358 0.0445355372197 0.820971730363 -0.0655039596635 -0.492021801127 -0.720847144225 -0.326736676330 -0.623959263064 -0.447260033549 -0.347642136960 0.433006659394 -0.0962548859210 -0.206934501021 -0.437963939151 -0.880862602982 -0.255303478354 0.847881988968 0.262083582490 1.32470158761 0.497071407648 0.644254188920 0.0107439223482 0.428681048790 0.558671254128 -2.25875958267 -0.485372939665 -0.209311768805 -1.02216179307 0.652145135885 -1.76718716237 -1.55095921527 -0.242907028513 -3.43125735308 0.849623763235 0.00000000000 0.00000000000 0.00000000000 0.00000000000 0.00000000000
# resid_temp_x1:
0.00000000000
# resid_temp_x2:
0.00000000000
# log_a_II:
 -6.00000000000 -6.00000000000 -6.00000000000
 -6.00000000000 -6.00000000000 -6.00000000000
# log_b_II:
 6.00000000000 6.00000000000 6.00000000000
 6.00000000000 6.00000000000 6.00000000000
# log_a_II_vec:
 -4.00000000000 -4.00000000000
# log_b_II_vec:
 2.50000000000 2.50000000000
# log_rho:
 -2.50000000000 -2.50000000000 -2.50000000000
 -2.50000000000 -2.50000000000 -2.50000000000
# log_resid_M:
 -1.45000000000 -1.45000000000 -1.45000000000
