# Number of parameters = 189 Objective function value = 389.389  Maximum gradient component = 0.000831856
# q_surv[1]:
1.00000000000
# fishsel_params_f[1]:
2.54851086776
# fishsel_params_f[2]:
4.48722728638
# fishsel_params_m[1]:
1.02306194559
# fishsel_params_m[2]:
11.3489233262
# srv_params_f[1]:
1.29423268707
# srv_params_f[2]:
3.25807092424
# srv_params_m[1]:
0.499999956106
# srv_params_m[2]:
4.48573166827
# srv1desc_params_f[1]:
2.54846729550
# srv1desc_params_f[2]:
5.50152564450
# srv1desc_params_m[1]:
2.50323938448
# srv1desc_params_m[2]:
6.52426569835
# alpha:
1.00000000000
# beta:
0.00000000000
# mean_log_rec:
19.4535948326
# rec_dev:
 -0.739710902648 -0.237138698571 -0.268353357901 -0.301867192388 -0.337505720529 -0.375031912909 -0.414088611502 -0.454340440749 -0.495357027284 -0.536600282121 -0.577367504712 -0.616819962668 -0.653608862842 -0.685885882083 -0.711623905743 -0.706079505905 -0.692292752822 -0.647376957152 -0.584069818184 -0.551065401423 -0.560477810220 -0.588151167004 -0.625849890608 -0.659791642825 -0.693804018794 -0.718442253025 -0.730745178336 -0.703450418372 -0.640373884111 -0.526387774500 -0.371823217485 -0.165854200884 0.100405270028 0.164069868753 0.0363368301871 0.210413173685 0.306921959568 0.446140456923 0.543776378424 0.446017997671 0.268735102643 0.191866395446 0.215939022922 0.453604639234 0.734287225895 0.564850056242 0.599553011941 0.741336430642 0.605042509596 0.475610843795 0.622614043434 0.519527794187 0.289041744625 0.353741926375 0.389949546224 0.382605126510 0.651344120618 0.837038020887 0.873969353410 1.14567938117 0.692245495666 0.622527730009 0.513015167763 0.590386638062 0.600923019971 0.566808345383 0.218103299351 0.210533753689 -0.109161997485 -0.125284188942 0.105061535089 0.293061518087 0.269651324027 0.127461439969 -0.264736348518 0.0903210770001 1.16145763022e-007
# log_avg_fmort:
-4.50387519715
# fmort_dev:
 -2.10118573832 -2.08609460688 -2.07238231061 -2.06153201768 -2.05425215475 -0.478702455147 -0.554059609917 -0.842930032347 -1.09310650402 -0.725258859188 -1.18097262406 0.161044900859 0.987223711945 0.286614090823 -0.280016927229 -0.205809302710 0.898169196703 0.739521803541 0.573780621201 0.533751335827 0.397891658976 -0.158772136148 0.0682657340178 -0.618072494943 -1.50607467815 -1.80756793220 -0.461027239290 -0.468819449538 -1.19352794105 -0.137203438670 0.0892802018383 0.515014341803 0.450957213491 0.835436982352 0.567635305760 0.754611773107 0.420270563691 0.185132760047 0.407125221340 0.817849584284 0.632051274971 0.693441583899 1.02999120951 0.331551923921 0.547692253355 0.846605872459 0.736627174417 0.858810526778 0.695620271202 0.669992593886 0.940512939417 0.553316796356 0.630390169204 1.19224912175 0.598489973600 0.685794462012 0.754653304508
# log_selcoffs_fish:
 -4.65087351891 -3.75901911880 -2.88721410018 -2.08094554736 -1.39011040645 -0.829995544198 -0.375593174815 -0.00125280471673 0.276509770849 0.425214562398 0.451794548745 0.444573389256 0.433263388997 0.420785121459 0.408655239792 0.397245031178 0.387001735832 0.377863662879 0.369603901535
 -4.35903772245 -3.51769871061 -2.68753068312 -1.89414463489 -1.17342708695 -0.562419140903 -0.0901839194654 0.230049485795 0.404394136214 0.461851259951 0.453394143228 0.426415480051 0.393511946438 0.359302151175 0.326174154244 0.295704889235 0.269115063399 0.247647496296 0.233459438294
# sexr_param_fish:
1.00000000000
# F40:
0.199565771844
# F35:
0.243384160855
# F30:
0.230017195534
