# Number of parameters = 343 Objective function value = 440.827492231785  Maximum gradient component = 2.15455278092843e-08
# M:
 1.39000000000000 0.690000000000000 0.480000000000000 0.370000000000000 0.340000000000000 0.300000000000000 0.300000000000000 0.290000000000000 0.280000000000000 0.290000000000000
# mean_log_initN:
0.00000000000
# dev_log_initN:
 0.00000000000 0.00000000000 0.00000000000 0.00000000000 0.00000000000 0.00000000000 0.00000000000 0.00000000000 0.00000000000
# mean_log_recruit:
1.08729468697
# dev_log_recruit:
 -0.868312905310 0.0907649213698 0.217652013478 1.29848487449 -0.302277511470 -0.281753357736 1.10726378258 1.41478730415 1.58947759832 2.17105606881 1.49020635795 0.909219605220 0.906778305994 0.533048906459 0.716084152691 1.61182568492 0.348838854448 -0.462090933931 0.484067283099 1.34750973978 1.06374712076 0.130715058935 -0.192279941763 -0.515085088661 -0.506779762508 0.830161444837 0.0950781526316 -0.676972578783 -0.758842778075 -0.549023120771 0.774625903893 0.866260719586 -1.06580272942 -1.34404678036 -1.40857590728 -0.514455449938 0.685162554766 0.665074557152 0.853678494159 0.0431119837199 -0.890823109399 0.491158773040 -1.21019095207 2.71326181461 -0.0791947832830 -3.79396096510 -5.74750944192 -0.429544354320 0.943022741829 0.591855500475 -2.75486555185 1.22580301460 -3.85739528478
# sigmaR:
1.30000000000
# log_recr_proj:
 1.07129998023 1.07129997962 1.07129997962 1.07129997973 1.07129997976
# log_slp1_fsh_mean:
0.780281092269
# inf1_fsh_mean:
3.73798237692
# log_slp2_fsh_mean:
0.907394287100
# inf2_fsh_mean:
9.70062112827
# slp1_fsh_dev:
 0.134718062649 0.134717298239 0.134713079135 0.134703715399 0.134657884012 0.134543289289 0.134781858479 0.134903355110 0.131819983747 0.127723369698 0.0943457620449 0.0611312355322 0.0135897395750 -0.0151307728879 -0.0396171336075 -0.0612535080750 -0.0893185705890 -0.105211340542 -0.120962171717 -0.120527370979 -0.114828823187 -0.123135865341 -0.133347205760 -0.153463242263 -0.159708735606 -0.159382626286 -0.162218891100 -0.164844511558 -0.165689238319 -0.155253543085 -0.149521049363 -0.162835405398 -0.167902891810 -0.156063623052 -0.140838116853 -0.101476040910 -0.0730141688348 -0.0472269790997 0.00352935295642 0.0234974406463 0.0470923543367 0.0787861562595 0.115581417609 0.140452677096 0.162070944166 0.155749321994 0.144963958685 0.133404156387 0.121044897096 0.112633668761 0.101557857057 0.0980901488657 0.0979688413988
# inf1_fsh_dev:
 0.0540006113119 0.0539986582232 0.0539301826834 0.0531621003136 0.0513743917289 0.0473816444329 0.0475134394938 0.0655185911888 0.0360403395982 0.00822897978622 0.172688731884 0.154893815483 -0.0341948687464 -0.161547257924 -0.165970771834 0.0910236887852 0.0233201951270 0.133909964789 0.172806915479 0.305734933580 0.636508626643 0.834600284147 0.822128289954 0.714971996949 0.703739961243 0.698662723478 0.702220193357 0.676611005150 0.553051360644 0.518183655569 0.435994163090 0.0847651013694 -0.215052287912 -0.429125718877 -0.677073701241 -0.612621699913 -0.635818907970 -0.730230116237 -0.607737298126 -0.639782519187 -0.601222521373 -0.457270103179 -0.211852685901 -0.0912235166510 0.109226742681 0.0864159812196 -0.0424475066029 -0.141484941497 -0.301517164552 -0.432494330529 -0.634635536187 -0.637352828360 -0.641950986583
# slp2_fsh_dev:
 0.00000000000 0.00000000000 0.00000000000 0.00000000000 0.00000000000 0.00000000000 0.00000000000 0.00000000000 0.00000000000 0.00000000000 0.00000000000 0.00000000000 0.00000000000 0.00000000000 0.00000000000 0.00000000000 0.00000000000 0.00000000000 0.00000000000 0.00000000000 0.00000000000 0.00000000000 0.00000000000 0.00000000000 0.00000000000 0.00000000000 0.00000000000 0.00000000000 0.00000000000 0.00000000000 0.00000000000 0.00000000000 0.00000000000 0.00000000000 0.00000000000 0.00000000000 0.00000000000 0.00000000000 0.00000000000 0.00000000000 0.00000000000 0.00000000000 0.00000000000 0.00000000000 0.00000000000 0.00000000000 0.00000000000 0.00000000000 0.00000000000 0.00000000000 0.00000000000 0.00000000000 0.00000000000
# inf2_fsh_dev:
 0.00000000000 0.00000000000 0.00000000000 0.00000000000 0.00000000000 0.00000000000 0.00000000000 0.00000000000 0.00000000000 0.00000000000 0.00000000000 0.00000000000 0.00000000000 0.00000000000 0.00000000000 0.00000000000 0.00000000000 0.00000000000 0.00000000000 0.00000000000 0.00000000000 0.00000000000 0.00000000000 0.00000000000 0.00000000000 0.00000000000 0.00000000000 0.00000000000 0.00000000000 0.00000000000 0.00000000000 0.00000000000 0.00000000000 0.00000000000 0.00000000000 0.00000000000 0.00000000000 0.00000000000 0.00000000000 0.00000000000 0.00000000000 0.00000000000 0.00000000000 0.00000000000 0.00000000000 0.00000000000 0.00000000000 0.00000000000 0.00000000000 0.00000000000 0.00000000000 0.00000000000 0.00000000000
# log_slp2_srv1:
0.524130949093
# inf2_srv1:
9.74113679962
# log_slp1_srv2:
-0.461812344789
# inf1_srv2:
4.02713330587
# log_slp2_srv2:
1.00000000000
# inf2_srv2:
20.0000000000
# log_slp1_srv3:
0.336472034023
# inf1_srv3:
4.71737950613
# log_slp1_srv6:
4.90000000000
# inf1_srv6:
0.500000000000
# log_slp2_srv6:
0.227402633304
# inf2_srv6:
7.86580876241
# mean_log_F:
-1.96488589131
# dev_log_F:
 -1.29554846340 -1.22330069968 0.307897401100 0.630591350913 0.896055057741 0.437358514346 0.719246903991 0.904726327877 0.827938322222 0.577063755963 0.305532377069 0.0541781339179 -0.146737146463 0.0695956803699 0.374900051567 0.619930893026 -0.466456125094 -0.767533168651 -0.840817083151 -0.574185541196 -0.418424234417 -0.0430192326376 -0.0248606215652 -0.0192182770698 -0.0770951886215 -0.466617703902 -0.611873869846 0.168437424692 0.733307827292 0.560792298241 0.242433539947 0.239542028556 -0.0930268250341 -0.384207910394 -0.269907846441 0.0385779824304 0.0199848996848 -0.287253368468 -0.471942020196 -0.894242352270 -0.546663322740 -0.451020370458 -0.222486089337 -0.221130068545 0.431563865326 0.546989354230 0.0383049519042 0.0531641696729 0.158844791376 0.211370057867 0.148253786480 0.0623969298311 0.438588851941
# log_q1_mean:
-0.519308482216
# log_q1_dev:
 -0.0136192456532 -0.0136192456532 -0.0136192456532 -0.0136192456532 -0.0136192456532 -0.0136192456532 -0.0136192456532 -0.0136192456532 -0.0136192456532 -0.0136192456532 -0.0136192456532 -0.0136192456532 -0.0136192456532 -0.0136192456532 -0.0136192456532 -0.0136192456532 -0.0136192456532 -0.0136192456533 -0.0136192456533 -0.0136192456533 -0.0136192456533 -0.0136192456533 -0.0136192456571 -0.0195902320680 -0.0110167574180 0.00879667088778 0.0235133493525 0.0292897347626 0.0250980639629 0.00825710282935 -0.00858385830413 -0.0303413917702 -0.0480303394583 -0.0663052087632 -0.0874184615900 -0.111376422630 -0.141238718245 -0.168866857837 -0.186512793395 -0.179647364277 -0.148678767664 -0.111345596454 -0.0740124252457 -0.0133489468309 0.0403915587067 0.0827650465414 0.129969650122 0.191818736292 0.234070421129 0.251151341256 0.240253987599 0.228712115476 0.225469013064
# log_q2_mean:
-0.205784258807
# log_q2_dev:
 0.00000000000 0.00000000000 0.00000000000 0.00000000000 0.00000000000 0.00000000000 0.00000000000 0.00000000000 0.00000000000 0.00000000000 0.00000000000 0.00000000000 0.00000000000 0.00000000000 0.00000000000 0.00000000000 0.00000000000 0.00000000000 0.00000000000 0.00000000000 0.00000000000 0.00000000000 0.00000000000 0.00000000000 0.00000000000 0.00000000000 0.00000000000 0.00000000000 0.00000000000 0.00000000000 0.00000000000 0.00000000000 0.00000000000 0.00000000000 0.00000000000 0.00000000000 0.00000000000 0.00000000000 0.00000000000 0.00000000000 0.00000000000 0.00000000000 0.00000000000 0.00000000000 0.00000000000 0.00000000000 0.00000000000 0.00000000000 0.00000000000 0.00000000000 0.00000000000 0.00000000000 0.00000000000
# log_q3_mean:
-1.46152154948
# log_q3_dev:
 0.0130527441261 0.0130527441261 0.0130527441261 0.0130527441261 0.0130527441261 0.0130527441261 0.0130527441261 0.0130527441261 0.0130527441261 0.0130527441261 0.0130527441261 0.0130527441261 0.0130527441261 0.0130527441261 0.0130527441261 0.0130527441261 0.0130527441261 0.0130527441261 0.0130527441296 0.0136155858465 -0.00176060072378 -0.00395784242021 -0.00829732880684 -0.00468558792826 0.0143450867318 0.0404430519449 0.0700348802437 0.119622314519 0.160502570891 0.200933561652 0.240732573581 0.263451554473 0.278369639524 0.278355824012 0.270557554604 0.252724940212 0.237008247740 0.229775114479 0.219443953675 0.196786233393 0.148900332091 0.0856872764381 0.0102779496285 -0.0872031786788 -0.194183435420 -0.315344578989 -0.415588346962 -0.465420996104 -0.464261230245 -0.452351173127 -0.419690541990 -0.383120825438 -0.363704717247
# log_q4:
-1.16901414560
# q4_pow:
0.00000000000
# log_q5:
-1.05139432235
# q5_pow:
0.00000000000
# log_q6:
-0.256836375502
# natMscalar:
1.00000000000
