# Number of parameters = 335 Objective function value = 399.318353770950  Maximum gradient component = 1.22987264152638e-06
# M:
 1.39000000000000 0.690000000000000 0.480000000000000 0.370000000000000 0.340000000000000 0.300000000000000 0.300000000000000 0.290000000000000 0.280000000000000 0.290000000000000
# mean_log_initN:
0.00000000000
# dev_log_initN:
 0.00000000000 0.00000000000 0.00000000000 0.00000000000 0.00000000000 0.00000000000 0.00000000000 0.00000000000 0.00000000000
# mean_log_recruit:
1.07270752479
# dev_log_recruit:
 -0.839432760447 0.0778399865586 0.216337620374 1.28753848713 -0.294416192910 -0.283057381573 1.08918060843 1.39371962304 1.59858912047 2.17256357105 1.49562443446 0.908049759170 0.896922964929 0.497117027120 0.680102420105 1.57030403915 0.314744120339 -0.563703442360 0.450796278518 1.30772834182 1.03245491429 0.0915787570858 -0.222583392125 -0.553225165693 -0.554020840291 0.806102789568 0.0615609290106 -0.736794728509 -0.820523026712 -0.606057932975 0.726973399158 0.820096001517 -1.16065152318 -1.43414111467 -1.52352472382 -0.593043951689 0.612057420857 0.583686632179 0.766032317510 -0.0585955723920 -1.04074146785 0.412939884722 -1.46246742426 2.63040785541 -0.290170855979 -4.33465752296 -6.41748535529 -0.538629791281 0.880413717959 0.579912820551 -2.92786738408 1.29441570856
# log_recr_proj:
 1.07270000098 1.07269993479 1.07270001362 1.07269995674 1.07269999272
# log_slp1_fsh_mean:
0.774751088471
# inf1_fsh_mean:
3.76979699635
# log_slp2_fsh_mean:
0.896075699526
# inf2_fsh_mean:
9.72140326732
# slp1_fsh_dev:
 0.138017260141 0.138016662825 0.138012866429 0.137999660932 0.137921105215 0.137714265633 0.137826307228 0.137903893086 0.135120770700 0.131659055852 0.0983342020284 0.0643596130999 0.0161159965127 -0.0130083346223 -0.0375683476008 -0.0590001923955 -0.0865351823007 -0.102014094739 -0.117346111173 -0.116482773274 -0.110506535086 -0.118729297766 -0.129360517402 -0.150173825282 -0.157120047338 -0.157342436528 -0.160700930677 -0.163860422415 -0.165336528672 -0.155297258274 -0.149484567036 -0.162796374822 -0.168333831569 -0.157159254081 -0.142216444303 -0.102400833659 -0.0731737652511 -0.0473619358018 0.00295019599936 0.0222989230157 0.0457005821589 0.0775796383734 0.114870449729 0.140205004544 0.161929183835 0.156038520705 0.145352260662 0.134610246571 0.122992630416 0.116067785808 0.106856380355 0.106856380214
# inf1_fsh_dev:
 0.0385186839441 0.0385257256387 0.0384772787116 0.0377471812144 0.0355833174813 0.0295764154205 0.0262303940438 0.0410993963063 0.0100604460793 -0.0150964587749 0.156346170333 0.139599452079 -0.0527474224326 -0.186711283676 -0.197763944223 0.0531671256668 -0.0157545138022 0.0952994014723 0.135765413873 0.271199113869 0.605147730923 0.808815421855 0.801596883188 0.698893667732 0.689805679088 0.685419866209 0.689743304456 0.664283143741 0.539623442295 0.504143150965 0.422004894768 0.0735359098157 -0.224381076944 -0.441980378476 -0.696326337418 -0.636006065642 -0.654887208891 -0.743662444109 -0.622345580257 -0.658395657555 -0.622997498921 -0.477986840399 -0.227797192871 -0.0967904613864 0.116543825585 0.102231238862 -0.0195062841970 -0.122381979964 -0.279180732558 -0.399549910498 -0.578367187274 -0.578367215345
# slp2_fsh_dev:
 0.00000000000 0.00000000000 0.00000000000 0.00000000000 0.00000000000 0.00000000000 0.00000000000 0.00000000000 0.00000000000 0.00000000000 0.00000000000 0.00000000000 0.00000000000 0.00000000000 0.00000000000 0.00000000000 0.00000000000 0.00000000000 0.00000000000 0.00000000000 0.00000000000 0.00000000000 0.00000000000 0.00000000000 0.00000000000 0.00000000000 0.00000000000 0.00000000000 0.00000000000 0.00000000000 0.00000000000 0.00000000000 0.00000000000 0.00000000000 0.00000000000 0.00000000000 0.00000000000 0.00000000000 0.00000000000 0.00000000000 0.00000000000 0.00000000000 0.00000000000 0.00000000000 0.00000000000 0.00000000000 0.00000000000 0.00000000000 0.00000000000 0.00000000000 0.00000000000 0.00000000000
# inf2_fsh_dev:
 0.00000000000 0.00000000000 0.00000000000 0.00000000000 0.00000000000 0.00000000000 0.00000000000 0.00000000000 0.00000000000 0.00000000000 0.00000000000 0.00000000000 0.00000000000 0.00000000000 0.00000000000 0.00000000000 0.00000000000 0.00000000000 0.00000000000 0.00000000000 0.00000000000 0.00000000000 0.00000000000 0.00000000000 0.00000000000 0.00000000000 0.00000000000 0.00000000000 0.00000000000 0.00000000000 0.00000000000 0.00000000000 0.00000000000 0.00000000000 0.00000000000 0.00000000000 0.00000000000 0.00000000000 0.00000000000 0.00000000000 0.00000000000 0.00000000000 0.00000000000 0.00000000000 0.00000000000 0.00000000000 0.00000000000 0.00000000000 0.00000000000 0.00000000000 0.00000000000 0.00000000000
# log_slp2_srv1:
0.612632522441
# inf2_srv1:
9.60627862385
# log_slp1_srv2:
-0.305557373045
# inf1_srv2:
3.60392256412
# log_slp2_srv2:
1.00000000000
# inf2_srv2:
20.0000000000
# log_slp1_srv3:
0.298984967756
# inf1_srv3:
4.87269172605
# log_slp1_srv6:
4.90000000000
# inf1_srv6:
0.500000000000
# log_slp2_srv6:
1.00000000000
# inf2_srv6:
20.0000000000
# mean_log_F:
-1.90076440997
# dev_log_F:
 -1.37483506888 -1.30349019238 0.226225627233 0.552186602490 0.835954735621 0.391388395686 0.680395498815 0.868278792777 0.797775774691 0.554908063989 0.290112987335 0.0289958429933 -0.183951757365 0.0279225797191 0.332939480714 0.581811978785 -0.498763253449 -0.794457420428 -0.862456616426 -0.589127052328 -0.427775380456 -0.0446035397251 -0.0197258403696 -0.0135890485278 -0.0749363918574 -0.463584995016 -0.608790667651 0.173053036585 0.740449419409 0.568561329116 0.254529127679 0.260371899952 -0.0652741836877 -0.360302676870 -0.251659074308 0.0629635804894 0.0592826080474 -0.235351863755 -0.416158204544 -0.845102292413 -0.499434781258 -0.397520776275 -0.158019877865 -0.141087811096 0.533374139332 0.677053405078 0.140479088416 0.134905036590 0.260668348014 0.348440795990 0.307728049964 -0.0607574585829
# log_q1_bs:
0.00000000000
# log_q1_mean:
-0.415283812133
# log_q1_dev:
 -0.0283844362704 -0.0283844362704 -0.0283844362704 -0.0283844362704 -0.0283844362704 -0.0283844362704 -0.0283844362704 -0.0283844362704 -0.0283844362704 -0.0283844362704 -0.0283844362704 -0.0283844362704 -0.0283844362704 -0.0283844362705 -0.0283844362705 -0.0283844362705 -0.0283844362705 -0.0283844362705 -0.0283844362705 -0.0283844362705 -0.0283844362705 -0.0283844362705 -0.0283844362779 -0.0339586675392 -0.0245715573166 -0.00356655445818 0.0126961525386 0.0203780579751 0.0184339010725 0.00398144078025 -0.0104710195119 -0.0298716514774 -0.0454392094167 -0.0616411579879 -0.0802605275604 -0.101124821810 -0.127597245446 -0.151804012161 -0.166298967940 -0.156412313101 -0.122515347457 -0.0820303415199 -0.0415453355837 0.0223985128665 0.0795006059077 0.124783129285 0.175507189803 0.241570603509 0.288329404654 0.309599188533 0.301927690570 0.292844887019
# log_q2_mean:
-0.172913410531
# log_q2_dev:
 0.00000000000 0.00000000000 0.00000000000 0.00000000000 0.00000000000 0.00000000000 0.00000000000 0.00000000000 0.00000000000 0.00000000000 0.00000000000 0.00000000000 0.00000000000 0.00000000000 0.00000000000 0.00000000000 0.00000000000 0.00000000000 0.00000000000 0.00000000000 0.00000000000 0.00000000000 0.00000000000 0.00000000000 0.00000000000 0.00000000000 0.00000000000 0.00000000000 0.00000000000 0.00000000000 0.00000000000 0.00000000000 0.00000000000 0.00000000000 0.00000000000 0.00000000000 0.00000000000 0.00000000000 0.00000000000 0.00000000000 0.00000000000 0.00000000000 0.00000000000 0.00000000000 0.00000000000 0.00000000000 0.00000000000 0.00000000000 0.00000000000 0.00000000000 0.00000000000 0.00000000000
# log_q3_mean:
-1.30031634289
# log_q3_dev:
 -0.0204428476615 -0.0204428476615 -0.0204428476615 -0.0204428476615 -0.0204428476615 -0.0204428476615 -0.0204428476615 -0.0204428476615 -0.0204428476615 -0.0204428476615 -0.0204428476615 -0.0204428476615 -0.0204428476615 -0.0204428476615 -0.0204428476615 -0.0204428476615 -0.0204428476615 -0.0204428476615 -0.0204428476702 -0.0197376049987 -0.0344140295423 -0.0347241688073 -0.0367329578464 -0.0304439422996 -0.00972962491660 0.0182382548736 0.0498343294582 0.102640336290 0.147438223429 0.191976730505 0.235907031509 0.263295408070 0.282829454283 0.287189046323 0.283438939044 0.268755542347 0.256211806521 0.252794715852 0.246817024703 0.228604597584 0.184016357896 0.123287105448 0.0498122513501 -0.0457614315118 -0.151206437581 -0.271362574013 -0.372617654581 -0.425278944350 -0.430002240969 -0.426863663650 -0.407378537379 -0.388419237463
# log_q4:
-0.935480292953
# q4_pow:
0.00000000000
# log_q5:
-0.742505762292
# q5_pow:
0.00000000000
# log_q6:
-0.309468235289
# natMscalar:
1.00000000000
