# Number of parameters = 518 Objective function value = 1634.91594985812  Maximum gradient component = 0.000261603749493276
# ln_q_srv:
 -0.0717680000000000
# natmort_f:
0.120000000000
# natmort_m:
0.125021596822
# Linf_f:
38.0340000000
# K_f:
0.137000000000
# t0_f:
0.297000000000
# Linf_m:
34.0300000000
# K_m:
0.161000000000
# t0_m:
0.515000000000
# age_incr:
 0.00000000000 0.00000000000 0.00000000000 0.00000000000 0.00000000000 0.00000000000 0.00000000000 0.00000000000 0.00000000000 0.00000000000 0.00000000000
# yr_incr:
 0.00000000000 0.00000000000 0.00000000000 0.00000000000 0.00000000000 0.00000000000 0.00000000000 0.00000000000 0.00000000000 0.00000000000 0.00000000000 0.00000000000 0.00000000000 0.00000000000 0.00000000000 0.00000000000 0.00000000000 0.00000000000 0.00000000000 0.00000000000 0.00000000000 0.00000000000 0.00000000000 0.00000000000 0.00000000000 0.00000000000 0.00000000000 0.00000000000 0.00000000000 0.00000000000 0.00000000000 0.00000000000 0.00000000000 0.00000000000 0.00000000000 0.00000000000 0.00000000000 0.00000000000 0.00000000000 0.00000000000 0.00000000000 0.00000000000 0.00000000000 0.00000000000 0.00000000000 0.00000000000 0.00000000000 0.00000000000 0.00000000000 0.00000000000 0.00000000000 0.00000000000 0.00000000000 0.00000000000 0.00000000000 0.00000000000 0.00000000000 0.00000000000 0.00000000000 0.00000000000 0.00000000000 0.00000000000 0.00000000000 0.00000000000 0.00000000000 0.00000000000 0.00000000000 0.00000000000
# growth_alpha:
0.380000000000
# q_alpha:
 0.00220763000522
# q_beta[1]:
 0.0597659348049 0.0109675442769 -0.00327435645796
# mean_log_rec:
0.906675978198
# rec_dev:
 -0.423758695898 -0.699128340750 -1.01150714378 0.230780268766 -0.0554795303176 -0.319294048818 -0.366656426437 -0.885373411997 -0.240498636259 -0.880069198530 -0.956358990611 -0.690032583254 -0.663006898088 0.0861074499066 0.515584319754 0.581080577180 0.838013552387 0.936612159259 0.683116890609 0.315277258400 0.613998505641 0.749251235540 0.337575905002 0.557671022775 0.175876538347 -0.269473255206 0.402592491762 0.167331371310 1.18009713224 -0.601270454908 0.930688600047 -0.181741666371 -0.447806490022 -0.0625161353764 0.274836986442 0.332922877956 -0.405868981102 -0.285522264537 0.524614736370 -0.00604512578248 -0.188328581057 -0.231680790343 0.659007389377 -0.186741862648 -0.336361951128 -0.121576133533 0.205928064111 -0.209047779244 0.119020135802 0.113199126797 0.542726153401 -0.330593936352 -0.241312618381 -0.119635786977 -0.155416996188 0.00536796933957 0.308810680413 -0.693633948337 -1.45260950056 -0.658168838079 -0.640913026662 -0.0229270174129 0.242811055652 1.02906682350 0.139108531264 1.29280924519 -0.0394131241257 -0.0119501447544 -0.000164876459506
# mean_log_init:
-0.567773348844
# init_dev_m:
 0.757946130120 0.161501241089 0.166500966823 0.0358629376842 -0.0295779956638 -0.0406815415807 -0.0443210959210 -0.0492911654443 -0.0524075989124 -0.0543164725189 -0.0566839809813 -0.0583546711218 -0.0594249712819 -0.0599149509987 -0.0601037731813 -0.0602236209100 -0.0603186808326 -0.0603719397975 -0.0604068212923
# init_dev_f:
 0.361517155012 0.0661002522729 0.0683832159257 0.00496362918237 -0.0312167275144 -0.0408974907892 -0.0447880413425 -0.0498380219747 -0.0529877026843 -0.0549196244444 -0.0573155803729 -0.0590041320841 -0.0600843250733 -0.0605778830026 -0.0607676370775 -0.0608878986967 -0.0609832077839 -0.0610365360457 -0.0610714165346
# log_avg_fmort:
 -2.43604204377
# fmort_dev:
 -2.67559951124 -2.50064007592 -1.94926634322 -1.92953669130 -1.27229354907 0.269313439617 1.44447653288 2.22556610971 3.27212617212 3.49742948412 1.14488863320 0.942228769692 1.57473639404 1.89797362398 1.39359084361 2.84726834024 2.17432807669 1.96432640597 1.31431197659 1.61518764261 0.464396336099 0.318657316465 0.303635026749 -0.503804274682 0.197193209298 -0.352294840308 -0.227552215272 -0.472131980426 -0.763337130314 -0.729526769356 -0.295610613221 0.0910157523112 0.0193582466119 -0.0133261945690 0.223683006956 -0.0732088974375 -0.794113889862 -0.620096426806 -0.481629397808 -0.569927925945 -0.308433770915 -0.452759732500 -0.508475250653 -0.0376275371172 -0.409862244307 -0.742193810464 -0.622655600553 -0.919646091271 -0.775679499334 -0.922162223342 -0.993049531346 -0.817868599157 -0.785327996573 -0.517276495958 -0.270456059971 -0.642948075177 -0.550407407617 -0.290181138020 -0.311651112458 -0.151164978399 -0.128263289023 -0.277128631715 -0.195378746686 -0.240130552617 -0.244446132455 -0.215841676107 -0.121621888295 -0.400594189460 -0.118562271931
# sel_slope_fsh_f:
 1.31760831086
# sel50_fsh_f:
 8.29687386908
# sel_slope_fsh_devs_f:
 -4.45369133484e-06 -1.79153493018e-06 -3.10374369761e-06 -1.00951335824e-05 -5.95975247268e-05 -0.000470386122077 -0.00174808478774 0.000299397459251 0.0254322222770 0.0559762358101 1.17245608378 0.0790773748194 0.0259091143660 0.392593095848 0.0746585846785 0.143904813298 0.313961791274 0.929397212007 1.04091899180 0.0954940227383 0.136143425512 0.216658156572 -0.151760843551 -0.509625819397 -0.100613329200 -0.148047698325 -0.555218949017 -0.425134046504 -0.190775876001 0.0186325689110 -0.0647298620838 -0.106068191953 0.195569899758 -0.124899861486 0.0795732368469 0.0548574346642 0.0448424718321 -0.691391164238 -0.148285015417 -0.510848583967 0.0940321327891 0.0591906873309 0.201244321096 -0.211143417206 -0.0873918726210 -0.143943464163 -0.00161556047311 -0.198961808442 -0.0419844627703 -0.0728061982424 -0.122081541362 -0.281112760950 0.0649111095750 -0.264043492692 0.00347420946460 0.199038255522 -0.0722046205936 -0.0199006878650 -0.139388815969 0.0446648683724 0.0801452783200 -0.138768302943 0.00633740151751 -0.265026246660 -0.0903391337100 -0.156525099063 0.164077237024 0.0206784930204 0.00278401980701
# sel50_fsh_devs_f:
 -6.99053895179e-05 -6.60299874848e-05 -8.10172759973e-05 -5.85207353812e-05 -0.000132897001016 -0.00101064916582 -0.00494904420643 -0.0103032648849 0.0268819666816 0.0972163306154 -0.782086093775 0.240172499626 0.239201634434 -0.104905070307 0.328613986233 0.542007555097 0.284726432501 -0.231391858678 0.217246876155 0.137750607540 -0.195692771930 -0.0284573951092 0.0860007935820 -0.154102298468 -0.0702610274009 -0.0764307343517 0.0648155314366 -0.00729261513881 -0.104491174691 -0.195409718866 -0.0630136620414 -0.0348027046412 -0.0926566468293 0.0736677419167 0.0402466649100 0.109124696332 0.0478232536522 0.130734740752 -0.0337325418783 0.0863150395805 0.00160248803604 -0.0735653162210 -0.0478777175731 0.0280520575181 0.00942002736576 0.103167214901 0.0565523324280 0.0365055713518 0.0964559776528 -0.000446592372127 0.00601143721465 -0.0307451864413 -0.150356534012 0.0176403373479 -0.120016248574 -0.0842714973818 -0.0756679185494 -0.0672760543148 -0.0384975005460 0.00665434238290 0.0312712266444 0.0959298412028 0.0147149524143 0.0112343934926 -0.0297338441221 -0.0587773071734 -0.157107781248 -0.144311430262 0.00229001501989
# sel_slope_fsh_m:
 1.25346233967
# male_sel_offset:
0.00000000000
# sel_slope_fsh_devs_m:
 2.08996454472e-05 8.24294888568e-05 0.000340575836766 0.000624520171880 0.00156726491510 0.00653940996789 0.0164747890754 0.0442602154612 0.133165397437 0.160143784237 0.367904309924 0.391605246373 0.152037336166 0.171868999556 0.108624168758 0.283922427015 0.676525107923 0.528782042188 0.525811199646 0.681225893017 0.112124077125 0.366654120288 -0.0877309159830 0.136582523221 -0.232042675551 -0.165350056068 -0.793463569964 -0.676127466387 -0.249867407622 -0.110514543058 0.0155143210167 0.0938516919405 0.231175921250 0.299014999144 0.267328618584 0.115937043963 -0.105355509855 -0.453551399620 -0.0329781981162 -0.656770364119 -0.399658007326 -0.257727101989 -0.144506624632 0.425761332742 -0.391873736012 -0.441479679649 -0.189147545869 -0.214028647595 0.0130608033538 0.163587643190 -0.137770892683 -0.235674267898 0.0860514625224 0.0428771022241 -0.0618342527208 -0.248504171352 0.0180257160289 -0.157966390902 0.131097062148 0.0107736031126 0.0954537928495 -0.0476318970776 -0.0811231688910 -0.0364521217490 -0.0380205557051 -0.0648691267712 -0.0414134563126 -0.125085431735 0.00212156515217
# sel50_fsh_m:
 8.60069245795
# sel50_fsh_devs_m:
 -5.14184997833e-05 -9.17343288975e-06 0.000213779076079 0.000742268791347 0.00309283084551 0.0226653005205 0.0912975651159 0.212931123777 0.399397245524 0.484867433404 -0.0278063331587 -0.0355984012356 0.0183433494329 0.194791733250 -0.0354431103282 0.0417767612115 -0.201147696636 -0.155368386803 -0.161576119323 -0.151651578149 0.234127232756 -0.155660384516 0.0650252594940 -0.0514631624043 -0.0264514039159 -0.0748212119763 0.258805263105 0.0724437435009 -0.181594798912 -0.190780481760 -0.105708181797 -0.115404067782 -0.130079407775 -0.0649400436113 -0.0438232670722 0.0646090677962 0.0465947051198 -0.111521782279 -0.0662124716177 0.179932485183 0.136506839013 0.000855629587061 -0.0391639347756 -0.105218452244 0.143180923358 0.274423533817 0.107562548409 0.102957313299 0.0864682426090 -0.0502872683030 0.0221231353996 -0.0352209650773 -0.103925099065 -0.122299225673 -0.0928892124120 0.0310113498105 -0.116805304221 -0.0720661968254 -0.154195283163 -0.0727521036241 -0.0425247163801 0.0490816375330 0.0137561849478 -0.0412635030631 -0.0129686439276 -0.0499539936201 -0.0827934730655 -0.0808651737061 0.00272094883305
# sel_slope_srv:
 1.65802847471
# sel50_srv:
 4.62539077342
# sel_slope_srv_m:
 0.00000000000
# sel50_srv_m:
 0.00000000000
# F40:
 0.120000000000
# F35:
 0.160000000000
# F30:
 0.210000000000
# R_logalpha:
-4.25278035552
# R_logbeta:
-6.37459647309
# sigmaR:
0.600000000000
# wt_fsh_fut_f:
 6.00000000000 8.00000000000 19.0000000000 35.0000000000 192.000000000 220.000000000 278.000000000 286.000000000 317.000000000 378.000000000 395.000000000 425.000000000 449.000000000 484.000000000 525.000000000 501.000000000 531.000000000 561.000000000 607.000000000 606.000000000
# wt_fsh_fut_m:
 0.00000000000 8.00000000000 20.0000000000 35.0000000000 186.000000000 218.000000000 252.000000000 236.000000000 292.000000000 310.000000000 327.000000000 357.000000000 374.000000000 396.000000000 371.000000000 408.000000000 370.000000000 428.000000000 503.000000000 473.000000000
# wt_pop_fut_f:
 6.00000000000 6.00000000000 21.0000000000 43.0000000000 103.000000000 188.000000000 248.000000000 321.000000000 365.000000000 453.000000000 438.000000000 478.000000000 540.000000000 564.000000000 592.000000000 637.000000000 602.000000000 635.000000000 650.000000000 667.000000000
# wt_pop_fut_m:
 4.00000000000 8.00000000000 24.0000000000 59.0000000000 110.000000000 180.000000000 232.000000000 250.000000000 267.000000000 332.000000000 331.000000000 374.000000000 420.000000000 428.000000000 435.000000000 455.000000000 462.000000000 449.000000000 431.000000000 448.000000000
# log_msy_sel_f:
 -9.14607623664 -7.74014119068 -6.33538200502 -4.93541210914 -3.55479462334 -2.24776414671 -1.16316810081 -0.476256734391 -0.157819405619 -0.0452639325013 -0.0121978073306 -0.00322728798370 -0.000850818938864 -0.000224395200215 -5.92567518191e-05 -1.56677910799e-05 -4.14762410812e-06 -4.14704026788e-06 -4.14649355770e-06 -4.14678729451e-06
# log_msy_sel_m:
 -8.52148303751 -7.33377221587 -6.14728204510 -4.96466410618 -3.79422147889 -2.66081219080 -1.62947416583 -0.820426151689 -0.331013755672 -0.112922285193 -0.0355471087657 -0.0109010882610 -0.00332577930955 -0.00101625007171 -0.000311663974408 -9.59889636144e-05 -2.96954851919e-05 -2.96947594625e-05 -2.96957988529e-05 -2.96949974841e-05
# rec_dev_future:
 0.00000000000 0.00000000000 0.00000000000 0.00000000000 0.00000000000 0.00000000000 0.00000000000 0.00000000000 0.00000000000 0.00000000000
