ParName   Value   Gradient
natmort_m     0.125022 -5.98216e-06
q_alpha(1)   0.00220763  1.28035e-06
q_beta[1](1)    0.0597659   2.6467e-06
q_beta[1](2)    0.0109675  3.88562e-06
q_beta[1](3)  -0.00327436   7.0419e-06
mean_log_rec     0.906676  2.56422e-06
rec_dev(1954)    -0.423759 -1.11682e-06
rec_dev(1955)    -0.699128  1.39259e-06
rec_dev(1956)     -1.01151  2.47828e-06
rec_dev(1957)      0.23078 -2.61655e-06
rec_dev(1958)   -0.0554795 -6.88814e-06
rec_dev(1959)    -0.319294 -2.40865e-06
rec_dev(1960)    -0.366656 -2.54346e-06
rec_dev(1961)    -0.885373 -1.25679e-06
rec_dev(1962)    -0.240499 -1.41355e-06
rec_dev(1963)    -0.880069 -1.26082e-06
rec_dev(1964)    -0.956359  -2.6549e-06
rec_dev(1965)    -0.690033 -3.19119e-06
rec_dev(1966)    -0.663007 -1.16724e-06
rec_dev(1967)    0.0861074 -2.05379e-06
rec_dev(1968)     0.515584 -2.90027e-06
rec_dev(1969)     0.581081 -5.68111e-07
rec_dev(1970)     0.838014  2.62493e-06
rec_dev(1971)     0.936612  2.29173e-06
rec_dev(1972)     0.683117  1.58609e-06
rec_dev(1973)     0.315277  1.41898e-06
rec_dev(1974)     0.613999  2.46607e-06
rec_dev(1975)     0.749251  2.18584e-06
rec_dev(1976)     0.337576  1.16651e-06
rec_dev(1977)     0.557671  1.48411e-06
rec_dev(1978)     0.175877  1.35731e-06
rec_dev(1979)    -0.269473  1.18938e-07
rec_dev(1980)     0.402592  3.67037e-06
rec_dev(1981)     0.167331  9.37704e-07
rec_dev(1982)       1.1801  9.34295e-06
rec_dev(1983)     -0.60127 -5.55807e-07
rec_dev(1984)     0.930689  6.57043e-06
rec_dev(1985)    -0.181742  1.56224e-06
rec_dev(1986)    -0.447806  1.40104e-06
rec_dev(1987)   -0.0625161  1.35794e-06
rec_dev(1988)     0.274837  3.06319e-06
rec_dev(1989)     0.332923  3.56954e-06
rec_dev(1990)    -0.405869  8.89154e-07
rec_dev(1991)    -0.285522  2.12477e-06
rec_dev(1992)     0.524615  3.63946e-06
rec_dev(1993)  -0.00604513  6.36753e-07
rec_dev(1994)    -0.188329  1.17214e-06
rec_dev(1995)    -0.231681  3.39483e-07
rec_dev(1996)     0.659007  3.76345e-06
rec_dev(1997)    -0.186742  2.85595e-06
rec_dev(1998)    -0.336362  1.50861e-06
rec_dev(1999)    -0.121576  1.24847e-06
rec_dev(2000)     0.205928  1.92741e-06
rec_dev(2001)    -0.209048  1.48177e-06
rec_dev(2002)      0.11902  6.77092e-07
rec_dev(2003)     0.113199  1.89422e-06
rec_dev(2004)     0.542726  2.09524e-06
rec_dev(2005)    -0.330594  1.94288e-06
rec_dev(2006)    -0.241313  2.46042e-06
rec_dev(2007)    -0.119636  3.22379e-06
rec_dev(2008)    -0.155417  3.74415e-06
rec_dev(2009)   0.00536797   1.7358e-06
rec_dev(2010)     0.308811  3.20598e-06
rec_dev(2011)    -0.693634  1.41771e-06
rec_dev(2012)     -1.45261 -1.28825e-06
rec_dev(2013)    -0.658169 -2.54584e-07
rec_dev(2014)    -0.640913 -4.18761e-07
rec_dev(2015)    -0.022927 -3.88176e-06
rec_dev(2016)     0.242811 -7.29929e-07
rec_dev(2017)      1.02907 -2.90527e-06
rec_dev(2018)     0.139109  2.91228e-07
rec_dev(2019)      1.29281 -2.35289e-07
rec_dev(2020)   -0.0394131 -1.17527e-08
rec_dev(2021)   -0.0119501 -3.46135e-08
rec_dev(2022) -0.000164876    7.077e-09
mean_log_init    -0.567773 -1.47131e-07
init_dev_m(2)     0.757946 -1.47035e-06
init_dev_m(3)     0.161501  1.43263e-06
init_dev_m(4)     0.166501  -1.4417e-07
init_dev_m(5)    0.0358629   1.1714e-08
init_dev_m(6)    -0.029578 -6.67812e-08
init_dev_m(7)   -0.0406815  1.08795e-07
init_dev_m(8)   -0.0443211 -1.88991e-07
init_dev_m(9)   -0.0492912 -1.77795e-07
init_dev_m(10)   -0.0524076 -1.02137e-07
init_dev_m(11)   -0.0543165  4.57517e-08
init_dev_m(12)    -0.056684 -1.43559e-07
init_dev_m(13)   -0.0583547  2.55448e-08
init_dev_m(14)    -0.059425 -7.06229e-08
init_dev_m(15)    -0.059915 -3.19862e-07
init_dev_m(16)   -0.0601038  2.15071e-07
init_dev_m(17)   -0.0602236 -5.69822e-07
init_dev_m(18)   -0.0603187 -1.04704e-07
init_dev_m(19)   -0.0603719  1.36138e-08
init_dev_m(20)   -0.0604068  9.84841e-08
init_dev_f(2)     0.361517  4.04607e-07
init_dev_f(3)    0.0661003 -1.77147e-07
init_dev_f(4)    0.0683832 -1.24701e-07
init_dev_f(5)   0.00496363 -1.92454e-07
init_dev_f(6)   -0.0312167 -9.63524e-08
init_dev_f(7)   -0.0408975  2.07259e-07
init_dev_f(8)    -0.044788 -1.37709e-07
init_dev_f(9)    -0.049838 -2.84673e-08
init_dev_f(10)   -0.0529877 -2.97945e-07
init_dev_f(11)   -0.0549196  4.47457e-08
init_dev_f(12)   -0.0573156 -1.63884e-08
init_dev_f(13)   -0.0590041 -1.75749e-07
init_dev_f(14)   -0.0600843  1.61948e-07
init_dev_f(15)   -0.0605779 -3.26046e-08
init_dev_f(16)   -0.0607676 -3.37968e-07
init_dev_f(17)   -0.0608879  9.10052e-08
init_dev_f(18)   -0.0609832  2.43291e-08
init_dev_f(19)   -0.0610365  -2.1603e-07
init_dev_f(20)   -0.0610714 -1.09643e-07
log_avg_fmort(1)     -2.43604 -8.86847e-07
fmort_dev(1,1954)      -2.6756 -5.24852e-07
fmort_dev(1,1955)     -2.50064    1.039e-07
fmort_dev(1,1956)     -1.94927  6.87823e-07
fmort_dev(1,1957)     -1.92954 -1.11985e-06
fmort_dev(1,1958)     -1.27229 -5.82576e-07
fmort_dev(1,1959)     0.269313  8.03022e-08
fmort_dev(1,1960)      1.44448  -8.0971e-07
fmort_dev(1,1961)      2.22557 -5.62845e-06
fmort_dev(1,1962)      3.27213 -1.14668e-05
fmort_dev(1,1963)      3.49743  3.88418e-06
fmort_dev(1,1964)      1.14489  1.40162e-06
fmort_dev(1,1965)     0.942229 -1.44592e-06
fmort_dev(1,1966)      1.57474  2.83598e-06
fmort_dev(1,1967)      1.89797  4.31733e-06
fmort_dev(1,1968)      1.39359 -8.46177e-06
fmort_dev(1,1969)      2.84727 -3.24152e-06
fmort_dev(1,1970)      2.17433  3.55123e-06
fmort_dev(1,1971)      1.96433   3.0241e-06
fmort_dev(1,1972)      1.31431 -8.32381e-07
fmort_dev(1,1973)      1.61519  5.07346e-06
fmort_dev(1,1974)     0.464396 -1.60981e-05
fmort_dev(1,1975)     0.318657 -1.14891e-07
fmort_dev(1,1976)     0.303635 -8.95627e-07
fmort_dev(1,1977)    -0.503804  2.93227e-07
fmort_dev(1,1978)     0.197193 -9.54645e-07
fmort_dev(1,1979)    -0.352295  1.34013e-06
fmort_dev(1,1980)    -0.227552  3.96211e-07
fmort_dev(1,1981)    -0.472132  1.09783e-06
fmort_dev(1,1982)    -0.763337  2.41061e-07
fmort_dev(1,1983)    -0.729527 -5.21446e-07
fmort_dev(1,1984)    -0.295611 -6.69563e-07
fmort_dev(1,1985)    0.0910158 -6.03805e-07
fmort_dev(1,1986)    0.0193582 -5.79908e-07
fmort_dev(1,1987)   -0.0133262 -1.01517e-07
fmort_dev(1,1988)     0.223683 -1.33294e-06
fmort_dev(1,1989)   -0.0732089  3.66454e-07
fmort_dev(1,1990)    -0.794114  2.11406e-06
fmort_dev(1,1991)    -0.620096  1.06952e-07
fmort_dev(1,1992)    -0.481629  4.71492e-07
fmort_dev(1,1993)    -0.569928  7.14007e-07
fmort_dev(1,1994)    -0.308434 -4.14929e-07
fmort_dev(1,1995)     -0.45276  1.07297e-06
fmort_dev(1,1996)    -0.508475  6.69252e-07
fmort_dev(1,1997)   -0.0376275 -6.36913e-07
fmort_dev(1,1998)    -0.409862 -3.21923e-07
fmort_dev(1,1999)    -0.742194  1.14382e-06
fmort_dev(1,2000)    -0.622656  7.15908e-07
fmort_dev(1,2001)    -0.919646  1.78233e-06
fmort_dev(1,2002)    -0.775679  6.19278e-07
fmort_dev(1,2003)    -0.922162  1.41524e-06
fmort_dev(1,2004)     -0.99305  1.36069e-06
fmort_dev(1,2005)    -0.817869  2.20986e-07
fmort_dev(1,2006)    -0.785328  8.28108e-07
fmort_dev(1,2007)    -0.517276  1.24977e-06
fmort_dev(1,2008)    -0.270456   2.4867e-07
fmort_dev(1,2009)    -0.642948  1.38518e-06
fmort_dev(1,2010)    -0.550407  2.80391e-07
fmort_dev(1,2011)    -0.290181  1.11416e-07
fmort_dev(1,2012)    -0.311651 -2.97893e-07
fmort_dev(1,2013)    -0.151165  -1.0777e-06
fmort_dev(1,2014)    -0.128263 -7.85603e-07
fmort_dev(1,2015)    -0.277129 -1.99797e-06
fmort_dev(1,2016)    -0.195379 -1.26283e-06
fmort_dev(1,2017)    -0.240131 -1.65679e-06
fmort_dev(1,2018)    -0.244446  5.30375e-09
fmort_dev(1,2019)    -0.215842  5.62789e-06
fmort_dev(1,2020)    -0.121622  2.59618e-06
fmort_dev(1,2021)    -0.400594  3.63265e-06
fmort_dev(1,2022)    -0.118562 -7.90781e-06
sel_slope_fsh_f(1)      1.31761 -1.58955e-05
sel50_fsh_f(1)      8.29687 -6.21626e-06
sel_slope_fsh_devs_f(1,1954) -4.45369e-06  5.61814e-08
sel_slope_fsh_devs_f(1,1955) -1.79153e-06 -1.83333e-07
sel_slope_fsh_devs_f(1,1956) -3.10374e-06 -2.37664e-08
sel_slope_fsh_devs_f(1,1957) -1.00951e-05  8.31625e-08
sel_slope_fsh_devs_f(1,1958) -5.95975e-05 -8.02973e-10
sel_slope_fsh_devs_f(1,1959) -0.000470386 -6.52342e-08
sel_slope_fsh_devs_f(1,1960)  -0.00174808  5.15201e-08
sel_slope_fsh_devs_f(1,1961)  0.000299397  1.11799e-07
sel_slope_fsh_devs_f(1,1962)    0.0254322  1.05449e-06
sel_slope_fsh_devs_f(1,1963)    0.0559762 -3.23571e-06
sel_slope_fsh_devs_f(1,1964)      1.17246  1.55506e-07
sel_slope_fsh_devs_f(1,1965)    0.0790774  1.41692e-07
sel_slope_fsh_devs_f(1,1966)    0.0259091 -3.85777e-07
sel_slope_fsh_devs_f(1,1967)     0.392593 -1.99509e-07
sel_slope_fsh_devs_f(1,1968)    0.0746586 -1.78713e-07
sel_slope_fsh_devs_f(1,1969)     0.143905  1.00116e-07
sel_slope_fsh_devs_f(1,1970)     0.313962 -8.73575e-08
sel_slope_fsh_devs_f(1,1971)     0.929397  1.56255e-07
sel_slope_fsh_devs_f(1,1972)      1.04092  -1.4412e-07
sel_slope_fsh_devs_f(1,1973)     0.095494 -3.01581e-06
sel_slope_fsh_devs_f(1,1974)     0.136143 -7.86708e-07
sel_slope_fsh_devs_f(1,1975)     0.216658 -1.67336e-08
sel_slope_fsh_devs_f(1,1976)    -0.151761  2.05617e-07
sel_slope_fsh_devs_f(1,1977)    -0.509626  5.98534e-11
sel_slope_fsh_devs_f(1,1978)    -0.100613  2.13322e-07
sel_slope_fsh_devs_f(1,1979)    -0.148048 -5.68647e-08
sel_slope_fsh_devs_f(1,1980)    -0.555219 -4.46503e-08
sel_slope_fsh_devs_f(1,1981)    -0.425134 -1.71198e-08
sel_slope_fsh_devs_f(1,1982)    -0.190776  4.00614e-08
sel_slope_fsh_devs_f(1,1983)    0.0186326  1.24983e-07
sel_slope_fsh_devs_f(1,1984)   -0.0647299  1.48968e-07
sel_slope_fsh_devs_f(1,1985)    -0.106068 -1.98617e-07
sel_slope_fsh_devs_f(1,1986)      0.19557 -9.04776e-08
sel_slope_fsh_devs_f(1,1987)      -0.1249  1.30461e-07
sel_slope_fsh_devs_f(1,1988)    0.0795732 -1.53125e-07
sel_slope_fsh_devs_f(1,1989)    0.0548574  1.21915e-07
sel_slope_fsh_devs_f(1,1990)    0.0448425 -5.36328e-08
sel_slope_fsh_devs_f(1,1991)    -0.691391 -1.42118e-08
sel_slope_fsh_devs_f(1,1992)    -0.148285  6.82706e-08
sel_slope_fsh_devs_f(1,1993)    -0.510849  4.15399e-07
sel_slope_fsh_devs_f(1,1994)    0.0940321 -3.07368e-08
sel_slope_fsh_devs_f(1,1995)    0.0591907   1.4913e-09
sel_slope_fsh_devs_f(1,1996)     0.201244 -2.24897e-07
sel_slope_fsh_devs_f(1,1997)    -0.211143 -3.34569e-07
sel_slope_fsh_devs_f(1,1998)   -0.0873919  5.19236e-08
sel_slope_fsh_devs_f(1,1999)    -0.143943  3.62152e-08
sel_slope_fsh_devs_f(1,2000)  -0.00161556  5.02018e-08
sel_slope_fsh_devs_f(1,2001)    -0.198962 -2.82524e-08
sel_slope_fsh_devs_f(1,2002)   -0.0419845 -2.52047e-07
sel_slope_fsh_devs_f(1,2003)   -0.0728062 -1.67838e-07
sel_slope_fsh_devs_f(1,2004)    -0.122082 -1.05252e-07
sel_slope_fsh_devs_f(1,2005)    -0.281113 -6.77834e-08
sel_slope_fsh_devs_f(1,2006)    0.0649111 -1.70991e-07
sel_slope_fsh_devs_f(1,2007)    -0.264043  1.04804e-07
sel_slope_fsh_devs_f(1,2008)   0.00347421 -9.60138e-08
sel_slope_fsh_devs_f(1,2009)     0.199038 -1.16084e-07
sel_slope_fsh_devs_f(1,2010)   -0.0722046 -6.73036e-08
sel_slope_fsh_devs_f(1,2011)   -0.0199007 -9.44228e-08
sel_slope_fsh_devs_f(1,2012)    -0.139389 -1.37565e-07
sel_slope_fsh_devs_f(1,2013)    0.0446649 -1.38796e-07
sel_slope_fsh_devs_f(1,2014)    0.0801453   9.5812e-08
sel_slope_fsh_devs_f(1,2015)    -0.138768  1.31825e-07
sel_slope_fsh_devs_f(1,2016)    0.0063374  4.03963e-08
sel_slope_fsh_devs_f(1,2017)    -0.265026 -4.71885e-08
sel_slope_fsh_devs_f(1,2018)   -0.0903391  -2.3156e-07
sel_slope_fsh_devs_f(1,2019)    -0.156525  -9.3677e-08
sel_slope_fsh_devs_f(1,2020)     0.164077 -5.07606e-05
sel_slope_fsh_devs_f(1,2021)    0.0206785 -5.06859e-05
sel_slope_fsh_devs_f(1,2022)   0.00278402 -6.00343e-05
sel50_fsh_devs_f(1,1954) -6.99054e-05  1.99768e-07
sel50_fsh_devs_f(1,1955)   -6.603e-05 -3.92178e-07
sel50_fsh_devs_f(1,1956) -8.10173e-05 -1.00163e-07
sel50_fsh_devs_f(1,1957) -5.85207e-05  5.38056e-07
sel50_fsh_devs_f(1,1958) -0.000132897  2.56394e-07
sel50_fsh_devs_f(1,1959)  -0.00101065  3.35296e-07
sel50_fsh_devs_f(1,1960)  -0.00494904  7.51794e-07
sel50_fsh_devs_f(1,1961)   -0.0103033  5.71527e-06
sel50_fsh_devs_f(1,1962)     0.026882  1.59335e-05
sel50_fsh_devs_f(1,1963)    0.0972163 -2.17563e-05
sel50_fsh_devs_f(1,1964)    -0.782086 -7.16285e-07
sel50_fsh_devs_f(1,1965)     0.240172  -4.3578e-07
sel50_fsh_devs_f(1,1966)     0.239202 -2.73981e-06
sel50_fsh_devs_f(1,1967)    -0.104905 -3.69731e-06
sel50_fsh_devs_f(1,1968)     0.328614  5.30253e-06
sel50_fsh_devs_f(1,1969)     0.542008  3.71628e-06
sel50_fsh_devs_f(1,1970)     0.284726 -5.98132e-06
sel50_fsh_devs_f(1,1971)    -0.231392 -3.76294e-06
sel50_fsh_devs_f(1,1972)     0.217247 -2.52824e-06
sel50_fsh_devs_f(1,1973)     0.137751 -1.67311e-05
sel50_fsh_devs_f(1,1974)    -0.195693  1.16483e-05
sel50_fsh_devs_f(1,1975)   -0.0284574  1.48225e-07
sel50_fsh_devs_f(1,1976)    0.0860008   1.5854e-06
sel50_fsh_devs_f(1,1977)    -0.154102 -8.98459e-08
sel50_fsh_devs_f(1,1978)    -0.070261  1.93225e-07
sel50_fsh_devs_f(1,1979)   -0.0764307 -2.18394e-07
sel50_fsh_devs_f(1,1980)    0.0648155 -1.01346e-06
sel50_fsh_devs_f(1,1981)  -0.00729262  -1.1283e-06
sel50_fsh_devs_f(1,1982)    -0.104491 -5.03201e-07
sel50_fsh_devs_f(1,1983)     -0.19541  3.29863e-07
sel50_fsh_devs_f(1,1984)   -0.0630137  7.47269e-07
sel50_fsh_devs_f(1,1985)   -0.0348027 -4.44322e-08
sel50_fsh_devs_f(1,1986)   -0.0926566  1.71602e-07
sel50_fsh_devs_f(1,1987)    0.0736677  1.26893e-06
sel50_fsh_devs_f(1,1988)    0.0402467  6.12617e-07
sel50_fsh_devs_f(1,1989)     0.109125  3.14498e-07
sel50_fsh_devs_f(1,1990)    0.0478233  5.31347e-08
sel50_fsh_devs_f(1,1991)     0.130735 -7.11048e-07
sel50_fsh_devs_f(1,1992)   -0.0337325 -1.28658e-06
sel50_fsh_devs_f(1,1993)     0.086315 -1.71581e-07
sel50_fsh_devs_f(1,1994)   0.00160249 -7.48184e-08
sel50_fsh_devs_f(1,1995)   -0.0735653 -9.20058e-07
sel50_fsh_devs_f(1,1996)   -0.0478777 -1.05963e-06
sel50_fsh_devs_f(1,1997)    0.0280521 -9.17692e-07
sel50_fsh_devs_f(1,1998)   0.00942003 -7.75886e-07
sel50_fsh_devs_f(1,1999)     0.103167  -7.6304e-07
sel50_fsh_devs_f(1,2000)    0.0565523 -1.09128e-06
sel50_fsh_devs_f(1,2001)    0.0365056 -9.60043e-07
sel50_fsh_devs_f(1,2002)     0.096456 -2.30614e-06
sel50_fsh_devs_f(1,2003) -0.000446592 -1.89036e-06
sel50_fsh_devs_f(1,2004)   0.00601144 -1.59191e-06
sel50_fsh_devs_f(1,2005)   -0.0307452  -1.3244e-06
sel50_fsh_devs_f(1,2006)    -0.150357 -1.05855e-06
sel50_fsh_devs_f(1,2007)    0.0176403 -1.27677e-06
sel50_fsh_devs_f(1,2008)    -0.120016 -9.94385e-08
sel50_fsh_devs_f(1,2009)   -0.0842715 -8.47768e-07
sel50_fsh_devs_f(1,2010)   -0.0756679  9.41938e-09
sel50_fsh_devs_f(1,2011)   -0.0672761 -2.80635e-07
sel50_fsh_devs_f(1,2012)   -0.0384975  -9.7653e-07
sel50_fsh_devs_f(1,2013)   0.00665434   7.4712e-07
sel50_fsh_devs_f(1,2014)    0.0312712  1.00884e-06
sel50_fsh_devs_f(1,2015)    0.0959298  1.71014e-06
sel50_fsh_devs_f(1,2016)     0.014715  1.30016e-06
sel50_fsh_devs_f(1,2017)    0.0112344  4.78285e-07
sel50_fsh_devs_f(1,2018)   -0.0297338 -2.03129e-06
sel50_fsh_devs_f(1,2019)   -0.0587773 -2.68642e-06
sel50_fsh_devs_f(1,2020)    -0.157108 -0.000259889
sel50_fsh_devs_f(1,2021)    -0.144311 -0.000261604
sel50_fsh_devs_f(1,2022)   0.00229002 -0.000258899
sel_slope_fsh_m(1)      1.25346 -2.86476e-06
sel_slope_fsh_devs_m(1,1954)  2.08996e-05  2.12595e-08
sel_slope_fsh_devs_m(1,1955)  8.24295e-05 -1.74353e-08
sel_slope_fsh_devs_m(1,1956)  0.000340576  2.15078e-07
sel_slope_fsh_devs_m(1,1957)   0.00062452  6.29706e-08
sel_slope_fsh_devs_m(1,1958)   0.00156726 -3.48301e-08
sel_slope_fsh_devs_m(1,1959)   0.00653941 -7.56726e-08
sel_slope_fsh_devs_m(1,1960)    0.0164748  5.75517e-08
sel_slope_fsh_devs_m(1,1961)    0.0442602 -2.07006e-07
sel_slope_fsh_devs_m(1,1962)     0.133165 -9.82899e-08
sel_slope_fsh_devs_m(1,1963)     0.160144 -8.36334e-07
sel_slope_fsh_devs_m(1,1964)     0.367904  6.98906e-08
sel_slope_fsh_devs_m(1,1965)     0.391605  1.40225e-07
sel_slope_fsh_devs_m(1,1966)     0.152037  -2.4711e-07
sel_slope_fsh_devs_m(1,1967)     0.171869 -2.23764e-07
sel_slope_fsh_devs_m(1,1968)     0.108624 -4.83796e-07
sel_slope_fsh_devs_m(1,1969)     0.283922   1.2408e-07
sel_slope_fsh_devs_m(1,1970)     0.676525 -1.10807e-08
sel_slope_fsh_devs_m(1,1971)     0.528782 -4.92844e-07
sel_slope_fsh_devs_m(1,1972)     0.525811 -1.52287e-07
sel_slope_fsh_devs_m(1,1973)     0.681226 -6.04227e-07
sel_slope_fsh_devs_m(1,1974)     0.112124  7.93727e-07
sel_slope_fsh_devs_m(1,1975)     0.366654 -2.20716e-08
sel_slope_fsh_devs_m(1,1976)   -0.0877309 -4.48863e-07
sel_slope_fsh_devs_m(1,1977)     0.136583  1.00325e-08
sel_slope_fsh_devs_m(1,1978)    -0.232043 -1.46653e-07
sel_slope_fsh_devs_m(1,1979)     -0.16535  1.27205e-08
sel_slope_fsh_devs_m(1,1980)    -0.793464 -1.73957e-07
sel_slope_fsh_devs_m(1,1981)    -0.676127  4.69182e-08
sel_slope_fsh_devs_m(1,1982)    -0.249867  6.78472e-08
sel_slope_fsh_devs_m(1,1983)    -0.110515 -1.25336e-07
sel_slope_fsh_devs_m(1,1984)    0.0155143  2.48132e-08
sel_slope_fsh_devs_m(1,1985)    0.0938517  1.34344e-07
sel_slope_fsh_devs_m(1,1986)     0.231176 -1.16371e-07
sel_slope_fsh_devs_m(1,1987)     0.299015  4.71521e-08
sel_slope_fsh_devs_m(1,1988)     0.267329  8.50295e-09
sel_slope_fsh_devs_m(1,1989)     0.115937   5.1787e-08
sel_slope_fsh_devs_m(1,1990)    -0.105356  5.47337e-09
sel_slope_fsh_devs_m(1,1991)    -0.453551  1.09536e-07
sel_slope_fsh_devs_m(1,1992)   -0.0329782  1.68588e-07
sel_slope_fsh_devs_m(1,1993)     -0.65677  1.72428e-07
sel_slope_fsh_devs_m(1,1994)    -0.399658 -9.48424e-08
sel_slope_fsh_devs_m(1,1995)    -0.257727  -2.3364e-07
sel_slope_fsh_devs_m(1,1996)    -0.144507  -2.5066e-07
sel_slope_fsh_devs_m(1,1997)     0.425761 -6.79036e-08
sel_slope_fsh_devs_m(1,1998)    -0.391874  1.17322e-07
sel_slope_fsh_devs_m(1,1999)     -0.44148 -5.10191e-08
sel_slope_fsh_devs_m(1,2000)    -0.189148 -1.80495e-07
sel_slope_fsh_devs_m(1,2001)    -0.214029  1.96892e-08
sel_slope_fsh_devs_m(1,2002)    0.0130608  1.12918e-08
sel_slope_fsh_devs_m(1,2003)     0.163588  1.25599e-07
sel_slope_fsh_devs_m(1,2004)    -0.137771   1.2844e-08
sel_slope_fsh_devs_m(1,2005)    -0.235674   9.4089e-08
sel_slope_fsh_devs_m(1,2006)    0.0860515  3.16786e-08
sel_slope_fsh_devs_m(1,2007)    0.0428771  3.37306e-07
sel_slope_fsh_devs_m(1,2008)   -0.0618343  5.18116e-08
sel_slope_fsh_devs_m(1,2009)    -0.248504  -6.1932e-08
sel_slope_fsh_devs_m(1,2010)    0.0180257  2.36405e-07
sel_slope_fsh_devs_m(1,2011)    -0.157966  7.80239e-08
sel_slope_fsh_devs_m(1,2012)     0.131097 -1.98739e-10
sel_slope_fsh_devs_m(1,2013)    0.0107736  1.22299e-07
sel_slope_fsh_devs_m(1,2014)    0.0954538  1.61447e-07
sel_slope_fsh_devs_m(1,2015)   -0.0476319  4.75236e-08
sel_slope_fsh_devs_m(1,2016)   -0.0811232  2.68276e-07
sel_slope_fsh_devs_m(1,2017)   -0.0364521  1.36984e-07
sel_slope_fsh_devs_m(1,2018)   -0.0380206   1.3625e-07
sel_slope_fsh_devs_m(1,2019)   -0.0648691 -4.24446e-08
sel_slope_fsh_devs_m(1,2020)   -0.0414135 -1.35507e-06
sel_slope_fsh_devs_m(1,2021)    -0.125085 -2.03081e-06
sel_slope_fsh_devs_m(1,2022)   0.00212157 -1.21801e-05
sel50_fsh_m(1)      8.60069 -2.50524e-06
sel50_fsh_devs_m(1,1954) -5.14185e-05 -2.59731e-07
sel50_fsh_devs_m(1,1955) -9.17343e-06  1.97067e-07
sel50_fsh_devs_m(1,1956)  0.000213779   1.0661e-07
sel50_fsh_devs_m(1,1957)  0.000742269 -3.91611e-07
sel50_fsh_devs_m(1,1958)   0.00309283 -4.23458e-07
sel50_fsh_devs_m(1,1959)    0.0226653  1.31857e-07
sel50_fsh_devs_m(1,1960)    0.0912976  2.08798e-06
sel50_fsh_devs_m(1,1961)     0.212931 -1.87276e-06
sel50_fsh_devs_m(1,1962)     0.399397 -3.24941e-06
sel50_fsh_devs_m(1,1963)     0.484867 -8.88694e-06
sel50_fsh_devs_m(1,1964)   -0.0278063 -2.16591e-06
sel50_fsh_devs_m(1,1965)   -0.0355984  -2.5429e-06
sel50_fsh_devs_m(1,1966)    0.0183433 -5.42401e-06
sel50_fsh_devs_m(1,1967)     0.194792 -7.12616e-06
sel50_fsh_devs_m(1,1968)   -0.0354431  1.19723e-06
sel50_fsh_devs_m(1,1969)    0.0417768 -6.10815e-08
sel50_fsh_devs_m(1,1970)    -0.201148 -5.90084e-06
sel50_fsh_devs_m(1,1971)    -0.155368  -1.0862e-05
sel50_fsh_devs_m(1,1972)    -0.161576 -3.60295e-06
sel50_fsh_devs_m(1,1973)    -0.151652 -3.79859e-05
sel50_fsh_devs_m(1,1974)     0.234127  1.75434e-05
sel50_fsh_devs_m(1,1975)     -0.15566  9.22469e-07
sel50_fsh_devs_m(1,1976)    0.0650253  1.54089e-07
sel50_fsh_devs_m(1,1977)   -0.0514632 -1.19808e-07
sel50_fsh_devs_m(1,1978)   -0.0264514 -8.22289e-07
sel50_fsh_devs_m(1,1979)   -0.0748212 -2.29648e-07
sel50_fsh_devs_m(1,1980)     0.258805 -4.29769e-07
sel50_fsh_devs_m(1,1981)    0.0724437 -5.84368e-09
sel50_fsh_devs_m(1,1982)    -0.181595 -4.42067e-07
sel50_fsh_devs_m(1,1983)     -0.19078 -2.98092e-07
sel50_fsh_devs_m(1,1984)    -0.105708  1.20359e-07
sel50_fsh_devs_m(1,1985)    -0.115404  -4.8692e-07
sel50_fsh_devs_m(1,1986)    -0.130079 -1.01888e-07
sel50_fsh_devs_m(1,1987)     -0.06494  4.01297e-07
sel50_fsh_devs_m(1,1988)   -0.0438233  1.91843e-06
sel50_fsh_devs_m(1,1989)    0.0646091 -1.14117e-07
sel50_fsh_devs_m(1,1990)    0.0465947  2.16547e-07
sel50_fsh_devs_m(1,1991)    -0.111522 -2.85227e-07
sel50_fsh_devs_m(1,1992)   -0.0662125  -9.9756e-07
sel50_fsh_devs_m(1,1993)     0.179932  3.93516e-07
sel50_fsh_devs_m(1,1994)     0.136507 -1.24903e-06
sel50_fsh_devs_m(1,1995)   0.00085563 -1.55304e-06
sel50_fsh_devs_m(1,1996)   -0.0391639  4.79256e-08
sel50_fsh_devs_m(1,1997)    -0.105218   2.2855e-07
sel50_fsh_devs_m(1,1998)     0.143181  7.31598e-07
sel50_fsh_devs_m(1,1999)     0.274424 -8.96403e-07
sel50_fsh_devs_m(1,2000)     0.107563 -1.20353e-06
sel50_fsh_devs_m(1,2001)     0.102957 -1.54645e-06
sel50_fsh_devs_m(1,2002)    0.0864682 -1.42843e-06
sel50_fsh_devs_m(1,2003)   -0.0502873  8.99308e-07
sel50_fsh_devs_m(1,2004)    0.0221231 -2.22053e-07
sel50_fsh_devs_m(1,2005)    -0.035221 -1.28095e-07
sel50_fsh_devs_m(1,2006)    -0.103925 -3.83458e-07
sel50_fsh_devs_m(1,2007)    -0.122299 -5.18444e-07
sel50_fsh_devs_m(1,2008)   -0.0928892 -8.10682e-08
sel50_fsh_devs_m(1,2009)    0.0310113 -7.14796e-07
sel50_fsh_devs_m(1,2010)    -0.116805  4.33318e-07
sel50_fsh_devs_m(1,2011)   -0.0720662  1.38457e-07
sel50_fsh_devs_m(1,2012)    -0.154195  7.60417e-07
sel50_fsh_devs_m(1,2013)   -0.0727521  1.13272e-06
sel50_fsh_devs_m(1,2014)   -0.0425247  1.29274e-06
sel50_fsh_devs_m(1,2015)    0.0490816  1.44854e-06
sel50_fsh_devs_m(1,2016)    0.0137562   2.5875e-06
sel50_fsh_devs_m(1,2017)   -0.0412635  9.40642e-07
sel50_fsh_devs_m(1,2018)   -0.0129686  -1.0787e-06
sel50_fsh_devs_m(1,2019)    -0.049954 -1.04829e-06
sel50_fsh_devs_m(1,2020)   -0.0827935  -5.9382e-05
sel50_fsh_devs_m(1,2021)   -0.0808652 -7.28035e-05
sel50_fsh_devs_m(1,2022)   0.00272095 -0.000134202
sel_slope_srv(1)      1.65803 -2.32981e-07
sel50_srv(1)      4.62539 -4.32508e-07
R_logalpha     -4.25278 -8.18234e-08
R_logbeta      -6.3746  3.80916e-07
log_msy_sel_f(1)     -9.14608 -2.19306e-07
log_msy_sel_f(2)     -7.74014 -6.72969e-07
log_msy_sel_f(3)     -6.33538  -7.9964e-07
log_msy_sel_f(4)     -4.93541 -5.90851e-07
log_msy_sel_f(5)     -3.55479 -7.27341e-07
log_msy_sel_f(6)     -2.24776 -8.81929e-07
log_msy_sel_f(7)     -1.16317 -7.50173e-07
log_msy_sel_f(8)    -0.476257 -1.34688e-07
log_msy_sel_f(9)    -0.157819 -1.55643e-07
log_msy_sel_f(10)   -0.0452639   2.0451e-07
log_msy_sel_f(11)   -0.0121978 -2.48205e-07
log_msy_sel_f(12)  -0.00322729 -1.13504e-07
log_msy_sel_f(13) -0.000850819  2.81795e-07
log_msy_sel_f(14) -0.000224395    2.067e-07
log_msy_sel_f(15) -5.92568e-05 -1.00457e-07
log_msy_sel_f(16) -1.56678e-05  2.97556e-08
log_msy_sel_f(17) -4.14762e-06 -1.38066e-07
log_msy_sel_f(18) -4.14704e-06  9.54704e-08
log_msy_sel_f(19) -4.14649e-06  3.14154e-07
log_msy_sel_f(20) -4.14679e-06   1.9666e-07
log_msy_sel_m(1)     -8.52148  1.10549e-07
log_msy_sel_m(2)     -7.33377  1.74559e-08
log_msy_sel_m(3)     -6.14728 -5.11367e-08
log_msy_sel_m(4)     -4.96466 -1.51267e-07
log_msy_sel_m(5)     -3.79422 -3.76343e-07
log_msy_sel_m(6)     -2.66081   -5.608e-07
log_msy_sel_m(7)     -1.62947 -5.33815e-07
log_msy_sel_m(8)    -0.820426 -6.98375e-07
log_msy_sel_m(9)    -0.331014 -8.16765e-07
log_msy_sel_m(10)    -0.112922 -5.37038e-07
log_msy_sel_m(11)   -0.0355471 -1.09139e-07
log_msy_sel_m(12)   -0.0109011 -1.54854e-07
log_msy_sel_m(13)  -0.00332578 -1.37745e-07
log_msy_sel_m(14)  -0.00101625 -1.12597e-07
log_msy_sel_m(15) -0.000311664 -3.70566e-08
log_msy_sel_m(16)  -9.5989e-05  2.24974e-07
log_msy_sel_m(17) -2.96955e-05 -4.47219e-08
log_msy_sel_m(18) -2.96948e-05   2.4557e-07
log_msy_sel_m(19) -2.96958e-05 -1.70186e-07
log_msy_sel_m(20)  -2.9695e-05  1.50361e-07
rec_dev_future(2023)            0            0
rec_dev_future(2024)            0            0
rec_dev_future(2025)            0            0
rec_dev_future(2026)            0            0
rec_dev_future(2027)            0            0
rec_dev_future(2028)            0            0
rec_dev_future(2029)            0            0
rec_dev_future(2030)            0            0
rec_dev_future(2031)            0            0
rec_dev_future(2032)            0            0
