# Number of parameters = 329 Objective function value = 370.312  Maximum gradient component = 8.35922e-007
# M:
 1.39000 0.690000 0.480000 0.370000 0.340000 0.300000 0.300000 0.290000 0.280000 0.290000
# mean_log_initN:
0.00000000000
# dev_log_initN:
 0.00000000000 0.00000000000 0.00000000000 0.00000000000 0.00000000000 0.00000000000 0.00000000000 0.00000000000 0.00000000000
# mean_log_recruit:
1.06517401719
# dev_log_recruit:
 -0.826231646142 0.0789136731738 0.219347134351 1.29077479076 -0.286424622790 -0.274872941443 1.09588705263 1.39931827958 1.60435808735 2.17975468798 1.50743752816 0.922965857402 0.916613425108 0.528092014915 0.709247693583 1.60289419688 0.354307982522 -0.540074732629 0.487357359014 1.32530396829 1.03677349375 0.0916292870090 -0.207159161076 -0.549339592154 -0.536590404929 0.828733329856 0.0614741190554 -0.726960930330 -0.773556189386 -0.553620386588 0.762676828314 0.827947083410 -1.14481273901 -1.40271360486 -1.47195041340 -0.526974987432 0.646591415878 0.612059355860 0.805710816982 -0.00523687703874 -0.975384258862 0.470397126170 -1.35695221213 2.61084130567 -0.245823958276 -4.21867324517 -6.30737586349 -0.273638754233 0.875654021081 0.683398096056 -3.33209248942
# log_recr_proj:
 1.06519998000 1.06519997985 1.06519997987 1.06519997984 1.06519997985
# log_slp1_fsh_mean:
0.766721606224
# inf1_fsh_mean:
3.79996670528
# log_slp2_fsh_mean:
0.865497745988
# inf2_fsh_mean:
9.71586690843
# slp1_fsh_dev:
 0.140679896700 0.140679353727 0.140675878847 0.140662239284 0.140582025504 0.140373067232 0.140456552137 0.140502899450 0.137540034817 0.133722112379 0.102363197277 0.0694613672768 0.0229441618800 -0.00584661291783 -0.0299695250867 -0.0505446830467 -0.0770186769628 -0.0918915034127 -0.106613252830 -0.106294254061 -0.100890761903 -0.108377774182 -0.118316344426 -0.137355612885 -0.143590265886 -0.143693059725 -0.146768542900 -0.149716315447 -0.151425734259 -0.142588744520 -0.137956922553 -0.152081552945 -0.158928498489 -0.148923986017 -0.134802830823 -0.0974258547750 -0.0703661452961 -0.0469245647714 0.000582267515124 0.0192509185275 0.0412975834602 0.0710589339967 0.105318120789 0.127816349363 0.145836773066 0.136495722195 0.125040252097 0.113263925946 0.0998465400246 0.0909309236526 0.0909309229783
# inf1_fsh_dev:
 0.0187750527236 0.0187818525952 0.0187385369770 0.0180618312853 0.0159650615498 0.00998842612033 0.00622820244891 0.0196203531718 -0.0107920610981 -0.0343578238705 0.127650918764 0.110308836737 -0.0728763366560 -0.200468732441 -0.209705838651 0.0296244119782 -0.0306584699372 0.0768304504284 0.119324194977 0.249339429149 0.564030185372 0.757053690020 0.749782959279 0.650858207504 0.640683925905 0.637345593635 0.641594052139 0.617961751311 0.498420221599 0.459217222144 0.377166258529 0.0423373613933 -0.254019716229 -0.471865034505 -0.710182099547 -0.652289323487 -0.669269383574 -0.756684716079 -0.645264524845 -0.675729710814 -0.635242873886 -0.486458785746 -0.240970225621 -0.109938405950 0.0870246298970 0.0597996520602 -0.0319812229601 -0.0805523491231 -0.175280836592 -0.233962387215 -0.233962410867
# slp2_fsh_dev:
 0.00000000000 0.00000000000 0.00000000000 0.00000000000 0.00000000000 0.00000000000 0.00000000000 0.00000000000 0.00000000000 0.00000000000 0.00000000000 0.00000000000 0.00000000000 0.00000000000 0.00000000000 0.00000000000 0.00000000000 0.00000000000 0.00000000000 0.00000000000 0.00000000000 0.00000000000 0.00000000000 0.00000000000 0.00000000000 0.00000000000 0.00000000000 0.00000000000 0.00000000000 0.00000000000 0.00000000000 0.00000000000 0.00000000000 0.00000000000 0.00000000000 0.00000000000 0.00000000000 0.00000000000 0.00000000000 0.00000000000 0.00000000000 0.00000000000 0.00000000000 0.00000000000 0.00000000000 0.00000000000 0.00000000000 0.00000000000 0.00000000000 0.00000000000 0.00000000000
# inf2_fsh_dev:
 0.00000000000 0.00000000000 0.00000000000 0.00000000000 0.00000000000 0.00000000000 0.00000000000 0.00000000000 0.00000000000 0.00000000000 0.00000000000 0.00000000000 0.00000000000 0.00000000000 0.00000000000 0.00000000000 0.00000000000 0.00000000000 0.00000000000 0.00000000000 0.00000000000 0.00000000000 0.00000000000 0.00000000000 0.00000000000 0.00000000000 0.00000000000 0.00000000000 0.00000000000 0.00000000000 0.00000000000 0.00000000000 0.00000000000 0.00000000000 0.00000000000 0.00000000000 0.00000000000 0.00000000000 0.00000000000 0.00000000000 0.00000000000 0.00000000000 0.00000000000 0.00000000000 0.00000000000 0.00000000000 0.00000000000 0.00000000000 0.00000000000 0.00000000000 0.00000000000
# log_slp2_srv1:
0.557861140996
# inf2_srv1:
9.54014271336
# log_slp1_srv2:
-0.393383905466
# inf1_srv2:
3.81752624149
# log_slp2_srv2:
1.00000000000
# inf2_srv2:
20.0000000000
# log_slp1_srv3:
0.303134195169
# inf1_srv3:
4.86791565773
# log_slp1_srv6:
4.90000000000
# inf1_srv6:
0.500000000000
# log_slp2_srv6:
1.00000000000
# inf2_srv6:
20.0000000000
# mean_log_F:
-1.90506649880
# dev_log_F:
 -1.37360549659 -1.30255985964 0.226577626629 0.553398674812 0.842856827043 0.402762456534 0.694243241993 0.878620540521 0.808619041381 0.568341032793 0.296855980316 0.0350473724276 -0.173793156809 0.0362262780519 0.339157782477 0.583109179246 -0.499879570645 -0.799411058729 -0.872491105696 -0.605889051535 -0.450221532014 -0.0721898484745 -0.0495062549608 -0.0355677513558 -0.0900094262413 -0.473253724755 -0.615462277910 0.168944495498 0.733022938512 0.556136391325 0.243998488467 0.249129447516 -0.0832706436828 -0.375986889047 -0.261678892568 0.0498233853325 0.0418453128145 -0.256531348341 -0.441550792935 -0.867389756400 -0.521436221250 -0.422808902358 -0.191119194429 -0.181783978534 0.480062540774 0.613326026584 0.169086349679 0.165571747594 0.285288541293 0.386276408169 0.609068627117
# log_q1_bs:
0.00000000000
# log_q1_mean:
-0.422239043056
# log_q1_dev:
 -0.0255773778976 -0.0255773778976 -0.0255773778976 -0.0255773778976 -0.0255773778976 -0.0255773778976 -0.0255773778976 -0.0255773778976 -0.0255773778976 -0.0255773778976 -0.0255773778976 -0.0255773778976 -0.0255773778976 -0.0255773778976 -0.0255773778976 -0.0255773778976 -0.0255773778976 -0.0255773778976 -0.0255773778976 -0.0255773778976 -0.0255773778976 -0.0255773778976 -0.0255773779044 -0.0309474798602 -0.0213435662561 -0.000125279259010 0.0162738155568 0.0238841914660 0.0215430153912 0.00633596570535 -0.00887108398048 -0.0291235884413 -0.0455166478528 -0.0623296868471 -0.0815276821385 -0.102857559809 -0.129667870540 -0.153986282917 -0.168266657726 -0.157833618780 -0.122986380508 -0.0808237308200 -0.0386610811328 0.0281025397149 0.0894445783716 0.140729510319 0.197781390697 0.270326609979 0.323839455171 0.352183439177 0.352703376972
# log_q2_mean:
-0.168072418025
# log_q2_dev:
 0.00000000000 0.00000000000 0.00000000000 0.00000000000 0.00000000000 0.00000000000 0.00000000000 0.00000000000 0.00000000000 0.00000000000 0.00000000000 0.00000000000 0.00000000000 0.00000000000 0.00000000000 0.00000000000 0.00000000000 0.00000000000 0.00000000000 0.00000000000 0.00000000000 0.00000000000 0.00000000000 0.00000000000 0.00000000000 0.00000000000 0.00000000000 0.00000000000 0.00000000000 0.00000000000 0.00000000000 0.00000000000 0.00000000000 0.00000000000 0.00000000000 0.00000000000 0.00000000000 0.00000000000 0.00000000000 0.00000000000 0.00000000000 0.00000000000 0.00000000000 0.00000000000 0.00000000000 0.00000000000 0.00000000000 0.00000000000 0.00000000000 0.00000000000 0.00000000000
# log_q3_mean:
-1.32160198943
# log_q3_dev:
 -0.0189894377975 -0.0189894377975 -0.0189894377975 -0.0189894377975 -0.0189894377975 -0.0189894377975 -0.0189894377975 -0.0189894377975 -0.0189894377975 -0.0189894377976 -0.0189894377976 -0.0189894377976 -0.0189894377976 -0.0189894377976 -0.0189894377976 -0.0189894377976 -0.0189894377976 -0.0189894377976 -0.0189894378055 -0.0184759802982 -0.0341508343366 -0.0356978068015 -0.0388774778465 -0.0336996483497 -0.0128766297955 0.0150673205974 0.0467324803497 0.100101873693 0.144927192296 0.189166102424 0.232554051688 0.259186470759 0.277328655333 0.280346563354 0.275350267731 0.259821736611 0.246449843597 0.241653195044 0.234074380826 0.214286230376 0.169203585469 0.107260509924 0.0322166919261 -0.0653752065037 -0.172594513720 -0.293847845969 -0.396837166574 -0.454248968926 -0.466304600126 -0.473800845276 -0.468140309313
# log_q4:
-1.02703052904
# q4_pow:
0.00000000000
# log_q5:
-0.879445701348
# q5_pow:
0.00000000000
# log_q6:
-0.227507774658
