# Number of parameters = 275 Objective function value = 403.270  Maximum gradient component = 1.58267e-007
# M:
 1.39000 0.690000 0.480000 0.370000 0.340000 0.300000 0.300000 0.290000 0.280000 0.290000
# mean_log_initN:
0.00000000000
# dev_log_initN:
 0.00000000000 0.00000000000 0.00000000000 0.00000000000 0.00000000000 0.00000000000 0.00000000000 0.00000000000 0.00000000000
# mean_log_recruit:
1.25599276236
# dev_log_recruit:
 0.796261442177 1.60335821695 2.05796410186 1.36096905472 0.770258709077 0.782586272957 0.403977644168 0.723609102551 1.58126871514 0.318046639932 -0.518298151417 0.486133785322 1.32559989409 1.04410625802 0.0827865715690 -0.283909720332 -0.638181525651 -0.598698897449 0.765947360547 0.0296101265164 -0.710018654586 -0.748590394962 -0.528536935299 0.791970042302 0.863160426023 -1.09048027412 -1.35418391262 -1.39665959684 -0.470112775113 0.704874783502 0.655305660634 0.855687823039 0.0318751536856 -0.902843383439 0.549153612748 -1.24013314896 2.50583281992 -0.365975705805 -4.34278928004 -6.19470997924 -0.327667659150 0.621445777584
# log_recr_proj:
 1.14240000178 1.14240002973 1.14239997189 1.14239992685 1.14239996994
# log_slp1_fsh_mean:
0.733200950882
# inf1_fsh_mean:
3.82670612421
# log_slp2_fsh_mean:
0.177644960836
# inf2_fsh_mean:
8.89325458554
# slp1_fsh_dev:
 0.255022406354 0.257328137510 0.275629515083 0.251669057993 0.210772889004 0.153556584975 0.111590422014 0.0721467213275 0.0346363076815 -0.00713302493508 -0.0362829538698 -0.0655549452608 -0.0782986438566 -0.0833760818030 -0.101329129425 -0.120423751612 -0.149278232491 -0.162421137606 -0.166723276292 -0.172632135784 -0.177948660980 -0.181707923774 -0.172831391410 -0.166660118768 -0.183277516922 -0.192521148766 -0.182908604048 -0.167344816745 -0.124483524438 -0.0925667237615 -0.0645636003291 -0.0102563134721 0.0123569927194 0.0397562435151 0.0758789102246 0.115996487366 0.142927452636 0.166707753126 0.167253870303 0.171023521066 0.173135191760 0.173135191691
# inf1_fsh_dev:
 -0.459098841180 -0.699358855943 -0.654779625115 -0.359450127760 -0.217211851592 -0.346323618717 -0.395373059724 -0.335585375213 -0.0290931154476 -0.0414559126694 0.110308658044 0.177901960401 0.326785615610 0.671759869066 0.890897823201 0.899391465882 0.814443301047 0.801969140290 0.801533978058 0.826133214460 0.823935541892 0.712494351219 0.676638882447 0.581262179982 0.221264102069 -0.0983774232934 -0.333776389825 -0.591257732287 -0.554700129358 -0.581787744549 -0.676096568790 -0.569958701836 -0.626577031413 -0.615262160338 -0.477697497290 -0.238867617567 -0.122932142102 0.0406750512739 -0.0514402814930 -0.125876063033 -0.0875286338546 -0.0875286345511
# slp2_fsh_dev:
 0.00000000000 0.00000000000 0.00000000000 0.00000000000 0.00000000000 0.00000000000 0.00000000000 0.00000000000 0.00000000000 0.00000000000 0.00000000000 0.00000000000 0.00000000000 0.00000000000 0.00000000000 0.00000000000 0.00000000000 0.00000000000 0.00000000000 0.00000000000 0.00000000000 0.00000000000 0.00000000000 0.00000000000 0.00000000000 0.00000000000 0.00000000000 0.00000000000 0.00000000000 0.00000000000 0.00000000000 0.00000000000 0.00000000000 0.00000000000 0.00000000000 0.00000000000 0.00000000000 0.00000000000 0.00000000000 0.00000000000 0.00000000000 0.00000000000
# inf2_fsh_dev:
 0.00000000000 0.00000000000 0.00000000000 0.00000000000 0.00000000000 0.00000000000 0.00000000000 0.00000000000 0.00000000000 0.00000000000 0.00000000000 0.00000000000 0.00000000000 0.00000000000 0.00000000000 0.00000000000 0.00000000000 0.00000000000 0.00000000000 0.00000000000 0.00000000000 0.00000000000 0.00000000000 0.00000000000 0.00000000000 0.00000000000 0.00000000000 0.00000000000 0.00000000000 0.00000000000 0.00000000000 0.00000000000 0.00000000000 0.00000000000 0.00000000000 0.00000000000 0.00000000000 0.00000000000 0.00000000000 0.00000000000 0.00000000000 0.00000000000
# log_slp2_srv1:
0.288834652373
# inf2_srv1:
9.30883132170
# log_slp1_srv2:
-0.682223414682
# inf1_srv2:
5.03119180235
# log_slp2_srv2:
1.00000000000
# inf2_srv2:
20.0000000000
# log_slp1_srv3:
0.410541689814
# inf1_srv3:
4.41966938802
# log_slp1_srv6:
4.90000000000
# inf1_srv6:
0.500000000000
# log_slp2_srv6:
1.00000000000
# inf2_srv6:
20.0000000000
# mean_log_F:
-2.24593441045
# dev_log_F:
 -0.330634683345 -0.488917313506 -0.354168878415 -0.206164774848 -0.182728232319 -0.218947350476 0.116831798022 0.480753338072 0.759522461872 -0.278066944047 -0.544719805730 -0.641815096738 -0.401358933405 -0.242559252285 0.147568090590 0.215731326372 0.209988995809 0.0788206099191 -0.314413759975 -0.401905553216 0.457980345934 1.04895565805 0.818637975564 0.436240684371 0.402813531735 0.0818673805389 -0.214240252397 -0.178577608892 0.0827794960147 0.0680795835007 -0.186338986607 -0.320613964840 -0.784626548154 -0.491072107768 -0.408465922294 -0.178095168183 -0.157471012549 0.504907729755 0.599735980083 0.245758434781 0.300547636937 0.468381092074
# log_q1_bs:
0.00000000000
# log_q1_mean:
-0.660459099368
# log_q1_dev:
 0.0217891576853 0.0217891576853 0.0217891576853 0.0217891576853 0.0217891576853 0.0217891576853 0.0217891576853 0.0217891576853 0.0217891576853 0.0217891576853 0.0217891576853 0.0217891576853 0.0217891576853 0.0217891576854 0.0217891576854 0.0217891577054 0.0115049461001 0.0263587677624 0.0614996017159 0.0890526670457 0.101646123792 0.0961507003791 0.0675524053957 0.0389541104155 0.00178814557970 -0.0286357679907 -0.0598605827601 -0.0960489422259 -0.136748481644 -0.187703244054 -0.235380447469 -0.267954940804 -0.262214318590 -0.219337642898 -0.168173998650 -0.117010354409 -0.0259863822701 0.0547517058045 0.118904541829 0.187479215002 0.275695127068 0.325090522891
# log_q2_mean:
-0.262374022014
# log_q2_dev:
 0.00000000000 0.00000000000 0.00000000000 0.00000000000 0.00000000000 0.00000000000 0.00000000000 0.00000000000 0.00000000000 0.00000000000 0.00000000000 0.00000000000 0.00000000000 0.00000000000 0.00000000000 0.00000000000 0.00000000000 0.00000000000 0.00000000000 0.00000000000 0.00000000000 0.00000000000 0.00000000000 0.00000000000 0.00000000000 0.00000000000 0.00000000000 0.00000000000 0.00000000000 0.00000000000 0.00000000000 0.00000000000 0.00000000000 0.00000000000 0.00000000000 0.00000000000 0.00000000000 0.00000000000 0.00000000000 0.00000000000 0.00000000000 0.00000000000
# log_q3_mean:
-0.669824161597
# log_q3_dev:
 -0.0558819607901 -0.0558819607901 -0.0558819607901 -0.0558819607901 -0.0558819607901 -0.0558819607901 -0.0558819607901 -0.0558819607901 -0.0558819607901 -0.0558819607901 -0.0558819607901 -0.0558819607993 -0.0567978908173 -0.0672355853348 -0.0557203167377 -0.0468716492298 -0.0292750478072 0.00243422329843 0.0367800467932 0.0710633051697 0.112368651330 0.147896733847 0.186791415888 0.225450280188 0.249067961192 0.265397024157 0.262050685092 0.254623351315 0.239925548506 0.223890274209 0.218978530304 0.209682265575 0.183905670380 0.123518808525 0.0529893058573 -0.0271616008025 -0.133933157472 -0.234554630959 -0.339508749731 -0.426387216699 -0.487699943630 -0.491084762916
# log_q4:
-1.26110669652
# q4_pow:
0.00000000000
# log_q5:
-1.03793809277
# q5_pow:
0.00000000000
# log_q6:
-0.377486768412
