# Number of parameters = 157 Objective function value = 459.160  Maximum gradient component = 696.882
# q_surv[1]:
1.00000000000
# fishsel_params_f[1]:
0.868222810237
# fishsel_params_f[2]:
6.90022333512
# fishsel_params_m[1]:
1.46497390564
# fishsel_params_m[2]:
5.66620014694
# srv_params_f[1]:
1.36893664648
# srv_params_f[2]:
3.22069151739
# srv_params_m[1]:
0.499999369916
# srv_params_m[2]:
4.53358153727
# srv1desc_params_f[1]:
0.815919061225
# srv1desc_params_f[2]:
4.00742285476
# srv1desc_params_m[1]:
0.418855450813
# srv1desc_params_m[2]:
7.99392564404
# alpha:
1.00000000000
# beta:
0.00000000000
# mean_log_rec:
19.7060116208
# rec_dev:
 -0.398256345684 -0.118791113216 0.273935393406 -0.260040077343 -0.361062150137 -0.0214031382824 -0.226748063855 -0.447953310253 -0.318169383962 -0.397907864084 -0.470837684395 -0.499075961817 -0.284327595879 0.119117765212 0.218964379948 0.109305062320 0.164617356783 -0.245034080701 -0.227700993785 -0.125745599700 -0.436735127893 -0.195774246843 0.115895500069 -0.101174377631 -0.152193462493 0.0378634830807 -0.128973560357 0.0431862887638 0.520944441381 0.436771912734 0.377464862465 0.456456095339 0.476644693137 0.275148551075 0.599829155304 0.403533451852 -0.0677857401204 0.339320560641 0.120401404936 0.440931442477 0.499469300152 0.300914811070 0.725107461395 1.07824386036 0.305499822005 0.378841510896 0.163762981139 0.638243686031 0.430915861321 0.363839738318 -0.290728035044 -0.241225745417 -0.557647061154 -0.630075008660 -0.447493663956 -0.544064851993 -0.530591623241 -0.521925527222 -0.547627597814 -0.289172601421 -0.328929239253
# log_avg_fmort:
-4.52598851570
# fmort_dev:
 -0.0337091222077 -0.155093619341 -0.265977124019 -0.227081090125 -0.276773118684 -0.755622588117 -0.445275489417 -1.04463652539 -1.86210456574 -2.10840606767 -0.728523467192 -0.741022772701 -1.47740617845 -0.424540900070 -0.203234799535 0.217619169774 0.159462964427 0.544962317407 0.279254310333 0.482145522839 0.154294829722 -0.0867436188799 0.125122210420 0.519592135642 0.313044190000 0.342271827663 0.643861329822 -0.0443448901956 0.208111707138 0.529655992138 0.430885490462 0.571389417732 0.430584322434 0.431372441885 0.728698505870 0.373195058955 0.482993557957 1.07481349710 0.506158277025 0.618813896939 0.712192964053
# log_selcoffs_fish:
 -4.44677444450 -2.86654637511 -1.37145324775 -0.184456075033 -0.0120862084534 -0.0961233895294 0.0402583604119 0.246511323576 0.248999493464 0.244071257120 0.247979520156 0.235333869079 0.192720503568 0.151027574975 0.107822461246 0.0573729499025 0.0179514477159 0.0471269583444 0.0181371204460
 -1.99524071741 -1.14312542450 -0.387289894137 0.0221693243630 0.133499663825 0.0481821428081 0.118707837778 0.123210167825 0.215118041163 0.319535742289 0.345241601990 0.302651462980 0.225304909697 0.132385007334 0.0533993851241 0.0989744999001 0.132269044006 0.128899075186 0.113986663566
# sexr_param_fish:
1.00000000000
# F40:
0.119388157805
# F35:
0.141568606313
# F30:
0.240169445855
