# Number of parameters = 384 Objective function value = 1692.40349866852  Maximum gradient component = 0.000308493253762342
# ln_q_srv:
 0.983633173858088
# natmort_f:
0.156899945709
# natmort_m:
0.191890489018
# Linf_f:
40.4644535000
# K_f:
0.126336700000
# t0_f:
0.594268800000
# Linf_m:
36.0729742000
# K_m:
0.138976400000
# t0_m:
0.357008100000
# age_incr:
 0.00000000000 0.00000000000 0.00000000000 0.00000000000 0.00000000000 0.00000000000 0.00000000000 0.00000000000 0.00000000000 0.00000000000 0.00000000000
# yr_incr:
 0.00000000000 0.00000000000 0.00000000000 0.00000000000 0.00000000000 0.00000000000 0.00000000000 0.00000000000 0.00000000000 0.00000000000 0.00000000000 0.00000000000 0.00000000000 0.00000000000 0.00000000000 0.00000000000 0.00000000000 0.00000000000 0.00000000000 0.00000000000 0.00000000000 0.00000000000 0.00000000000 0.00000000000 0.00000000000 0.00000000000 0.00000000000 0.00000000000 0.00000000000 0.00000000000 0.00000000000 0.00000000000 0.00000000000 0.00000000000 0.00000000000 0.00000000000 0.00000000000 0.00000000000 0.00000000000 0.00000000000 0.00000000000 0.00000000000 0.00000000000 0.00000000000 0.00000000000 0.00000000000 0.00000000000 0.00000000000 0.00000000000
# growth_alpha:
0.380000000000
# q_alpha:
 -0.136000000000
# mean_log_rec:
6.03164085284
# rec_dev:
 -3.03336587933 -1.84400149296 -1.96675954244 -2.07206687814 -2.12597435689 -2.17447027066 -2.29665307294 -2.44131967291 -1.84555752147 -1.73939901804 -1.05572292194 -0.873078383002 -0.704743767779 -0.557976830542 9.95017873766e-05 0.296182463590 -0.409671997274 -0.709779404306 -0.661524062394 -0.357780340097 0.495019467665 -0.145726186262 0.214595066610 0.136155807840 0.397038269898 0.962279127860 0.980248138202 0.899758772856 1.54228601809 1.37300402071 1.28803182087 1.78216648892 2.26217111129 1.26951029564 1.03144685732 1.88895462876 1.17968737001 0.635221277097 0.819471286042 0.380702597910 0.465021751504 0.552035048035 0.108620286894 0.633477093145 0.385116452393 1.09571237184 1.53255271328 1.65461544170 1.43742215754 1.31094396750 1.50712777330 0.279677054761 -0.927998882015 -1.06980075189 -1.35497459435 -1.07193490041 -0.845963043661 -0.853868821780 -1.16510291875 0.213122475310 0.739475000640 0.864200549476 0.682795145991 0.622847571248 0.554106094455 0.108089362726 -0.245965142903 -0.0298292968567 2.14330764265e-05
# mean_log_init:
-0.800000000000
# init_dev_m:
 0.00000000000 0.00000000000 0.00000000000 0.00000000000 0.00000000000 0.00000000000 0.00000000000 0.00000000000 0.00000000000 0.00000000000 0.00000000000 0.00000000000 0.00000000000 0.00000000000 0.00000000000 0.00000000000 0.00000000000 0.00000000000 0.00000000000
# init_dev_f:
 0.00000000000 0.00000000000 0.00000000000 0.00000000000 0.00000000000 0.00000000000 0.00000000000 0.00000000000 0.00000000000 0.00000000000 0.00000000000 0.00000000000 0.00000000000 0.00000000000 0.00000000000 0.00000000000 0.00000000000 0.00000000000 0.00000000000
# log_avg_fmort:
 -2.08348610735
# fmort_dev:
 2.31250737865 0.549229179745 -0.0557517033593 0.284813693527 -0.570175030813 -0.801081180643 -0.933417459775 -0.662367130696 -0.254666152373 0.806115877212 -0.521643205387 -0.413929880888 0.155572683432 0.842554986556 0.688942593359 -0.0903922889651 0.595310833518 0.688271098967 0.589354749842 0.748852122193 0.0836331981390 -0.00225853247414 0.915016051047 -0.0848870528141 -0.0879608976304 -0.00117967621114 -0.814389965728 -0.454215435230 -0.646114653505 -0.262379453025 -0.492211134704 -0.384019284971 -0.389174882942 0.0786559257710 0.0663283347236 0.219030814820 0.297081257829 0.598186202316 0.283610383681 0.258703091481 0.166230336378 0.0969373673510 -0.0634200827748 -0.313138246658 -0.269248426921 -0.285732339922 -0.918427781545 -0.874638942864 -0.513619025961 -0.164498566409
# sel_slope_fsh_f:
 0.949693102412
# sel50_fsh_f:
 9.04583520825
# sel_slope_fsh_devs_f:
 0.117066569852 0.0485491750942 0.0320631263890 0.0521248867193 0.167692621420 0.0291891683377 0.0844070911546 0.236119330305 0.0891525651353 -0.0346128226328 0.413377248484 0.482544859722 0.249039685869 0.283049036543 0.404737260572 0.149979120940 -0.0863890997144 -0.127453232406 0.148118040175 -0.112166394914 0.0125532141393 0.0152366171474 0.0645070377992 -0.314229415355 -0.240417323462 -0.348842412235 -0.469026888317 -0.422981240343 -0.324586744990 -0.156538858350 -0.161535894843 -0.0719646673442 0.0825183618330 0.103532858874 0.0982612469329 -0.0658440063966 0.0213712476729 -0.156258250648 -0.329801811156 -0.112846277999 -0.342826632917 -0.218900346528 -0.420604010943 0.111173125585 -0.102630046654 0.178833743303 0.337175913664 0.258222208739 0.349881772899 -2.03768913742e-05
# sel50_fsh_devs_f:
 0.465325665694 0.387674895044 0.420980971150 0.519091296039 0.0468949840612 -0.356821317206 -0.465320710690 -0.420051806329 -0.128887148952 -0.0392929115046 -0.562244024999 -0.322655694080 -0.369729790581 -0.358926811530 -0.302833439569 -0.228112523987 0.0471752711326 0.132461801900 0.0845225544321 0.204299886133 0.0553751042074 0.148884453220 0.309896515186 0.315355879939 0.257399176114 0.213393274492 0.160524944331 0.124994684459 0.0728927864766 0.0386278022356 0.00647302797310 -0.00956750921441 -0.0670786499907 -0.0316180347929 0.0280586884087 0.113182585934 0.0965331675680 0.131272405970 0.138151828353 0.210416889422 0.253838868948 0.195393143351 0.168728696311 -0.195148383990 -0.0954870867059 -0.337733857374 -0.367778944572 -0.341653383922 -0.347036710371 0.000156782995774
# sel_slope_fsh_m:
 1.16349760565
# male_sel_offset:
0.00000000000
# sel_slope_fsh_devs_m:
 0.0350722954909 -0.0279664696781 -0.0273990198984 -0.0108316294648 0.109866579367 -0.110185961581 0.221893670949 -0.0917525607557 -0.343271179767 -0.402548690583 0.427657225299 0.374775112645 0.191592343086 0.449281057427 0.148612806585 0.210333716980 -0.0265477034501 -0.0689718796380 0.278440577109 0.172044233011 0.0298468491947 0.0386747849471 0.0238490724224 0.0956337926159 -0.0847914606158 -0.168865945567 -0.135889995750 -0.0919519069560 0.0397515885826 -0.0342709379512 -0.00553855677119 -0.0614030830915 -0.0841050005786 -0.0884406940156 -0.0941961330212 -0.163536245907 -0.159079781294 -0.430918129109 -0.373674182819 -0.217156618706 -0.160051451852 -0.301023948155 -0.0191724080506 0.170362201400 0.127149479750 0.00418828896651 0.166067870907 0.299729180479 0.168722441943 -3.47971691816e-06
# sel50_fsh_m:
 7.16689076885
# sel50_fsh_devs_m:
 0.567330793243 -0.882918694744 -0.691698971334 -0.835392388411 0.259189259045 -0.262530718393 -0.496781530278 -0.128702944894 0.247358714849 0.116699561895 -0.527403660589 -0.266865273164 -0.262131173425 -0.261228649196 -0.139138894752 -0.231043349472 0.0907713236155 0.168655895649 0.161517923992 0.180036119219 0.285099472896 0.353593165089 0.522314183748 0.309979447286 0.294679205148 0.270260372464 0.0861287391026 0.0385321469405 -0.0325012389201 0.0835411727946 -0.0468112701934 0.0813095458100 0.0651141630577 0.186124989509 0.169590886488 0.218447429196 0.242447534677 0.312222609376 0.226163642874 0.321558773666 0.248629290794 0.101590241667 -0.0456434625260 -0.145730656245 -0.196152315281 -0.158526303942 -0.209548922871 -0.241056572218 -0.146766049990 -0.000313801109771
# sel_slope_srv:
 1.75738881503
# sel50_srv:
 3.52082954212
# sel_slope_srv_m:
 0.365927737202
# sel50_srv_m:
 -0.163447685407
# F40:
 0.120000000000
# F35:
 0.160000000000
# F30:
 0.210000000000
# R_logalpha:
2.96233591821
# R_logbeta:
-5.00797849218
# sigmaR:
0.600000000000
# wt_fsh_fut_f:
 0.00000000000 0.00000000000 0.00000000000 0.0786325210000 0.211681441000 0.239698067000 0.321377110000 0.412035149000 0.488813038000 0.533368330000 0.591704599000 0.596838402000 0.665519047000 0.606913530000 0.651830391000 0.703553942000 0.691348419000 0.645551393000 0.704359247000 0.703001674000
# wt_fsh_fut_m:
 0.00000000000 0.00000000000 0.00000000000 0.0944989750000 0.190653362000 0.215384739000 0.287504923000 0.323814830000 0.341870399000 0.384305775000 0.419456553000 0.398742563000 0.572258751000 0.459171271000 0.445694884000 0.643989883000 0.524038561000 0.454644928000 0.509769981000 0.471338657000
# wt_pop_fut_f:
 0.00000000000 0.0170000000000 0.0430000000000 0.0723863640000 0.174879310000 0.219567164000 0.323088608000 0.422910448000 0.519974359000 0.608750000000 0.631800000000 0.654333333000 0.631142857000 0.708000000000 0.686750000000 0.714200000000 0.766571429000 0.710285714000 0.737153846000 0.771375000000
# wt_pop_fut_m:
 0.0100000000000 0.0100000000000 0.0376666670000 0.0794736840000 0.179511111000 0.204972603000 0.273986486000 0.303825000000 0.325000000000 0.337600000000 0.374800000000 0.316750000000 0.422000000000 0.425000000000 0.438000000000 0.374000000000 0.405666667000 0.434000000000 0.366000000000 0.430000000000
# log_msy_sel_f:
 -7.19534865832 -6.02171587816 -4.85279042978 -3.70002064841 -2.59991666063 -1.64371176809 -0.948591765169 -0.517696647195 -0.262226371224 -0.119930652793 -0.0503514778022 -0.0201256636682 -0.00786780388646 -0.00304954166504 -0.00117864350612 -0.000455237929535 -0.000175843256706 -0.000175844456845 -0.000175841717728 -0.000175843548949
# log_msy_sel_m:
 -7.19787334863 -5.82977032549 -4.46849972260 -3.13518799799 -1.90607532816 -0.953733960672 -0.395610145570 -0.141380894078 -0.0457827488674 -0.0141810464288 -0.00433673511596 -0.00132540544485 -0.000406247136344 -0.000124939161346 -3.85406440980e-05 -1.19195374163e-05 -3.69893195460e-06 -3.69601742492e-06 -3.69300030805e-06 -3.69473692712e-06
# rec_dev_future:
 0.00000000000 0.00000000000 0.00000000000 0.00000000000 0.00000000000 0.00000000000 0.00000000000 0.00000000000 0.00000000000 0.00000000000
