ParName   Value   Gradient
MGparm[1]     0.529734  -0.00622773
MGparm[2]      6.89029   0.00164985
MGparm[3]      116.063   0.00292509
MGparm[4]      0.13125    0.0256447
MGparm[5]      4.15441  0.000317759
MGparm[6]      10.2869     0.001023
MGparm[18]     0.807371  0.000421051
SR_parm[1]      13.4255   0.00626513
SR_parm[6]    -0.622653    0.0130088
recdev_early(1962)   -0.0298141 -0.000169461
recdev_early(1963)   -0.0498665  3.34718e-05
recdev_early(1964)   -0.0814019 -0.000133193
recdev_early(1965)    -0.127536  2.01353e-05
recdev_early(1966)    -0.188706 -0.000103485
recdev_early(1967)     -0.25879 -2.66122e-05
recdev_early(1968)    -0.320243 -2.92815e-05
recdev_early(1969)    -0.343452  7.69188e-05
recdev_early(1970)    -0.297468  0.000231375
recdev_early(1971)   -0.0914386  0.000393104
recdev_early(1972)     0.304377  0.000688358
recdev_early(1973)     0.520148  0.000591985
recdev_early(1974)  -0.00520695  0.000370489
recdev_early(1975)    -0.239185  0.000228235
recdev_early(1976)     0.195875  0.000301832
recdev_early(1977)     0.974919   0.00185561
recdev2(1978)    -0.368974  0.000267187
recdev2(1979)     0.173591  -0.00039574
recdev2(1980)     0.261763 -0.000624977
recdev2(1981)     0.281364   -0.0009796
recdev2(1982)     0.365533  -0.00080485
recdev2(1983)     0.519905 -0.000177079
recdev2(1984)     0.603108   2.8866e-05
recdev2(1985)     0.590493  0.000210253
recdev2(1986)     0.247457  0.000625609
recdev2(1987)     0.299634   0.00030426
recdev2(1988)     0.237278  5.38145e-05
recdev2(1989)     0.283666 -9.24529e-05
recdev2(1990)     0.605277  0.000140815
recdev2(1991)    0.0553425 -6.48046e-06
recdev2(1992)    -0.252585  2.82811e-05
recdev2(1993)   -0.0965398  0.000406841
recdev2(1994)    -0.278769  0.000176347
recdev2(1995)   0.00328376  0.000162898
recdev2(1996)    -0.168628 -0.000294537
recdev2(1997)    -0.465749 -3.65267e-05
recdev2(1998)    -0.223333  9.45258e-05
recdev2(1999)   0.00427004  0.000179651
recdev2(2000)    0.0695498   0.00012323
recdev2(2001)    -0.612283  6.83103e-05
recdev2(2002)    -0.556317  5.80664e-05
recdev2(2003)     -0.54025  8.00049e-05
recdev2(2004)    -0.393427 -4.25249e-05
recdev2(2005)     0.137461  0.000157644
recdev2(2006)     0.357734 -2.52679e-05
recdev2(2007)     0.143893 -5.28525e-05
recdev2(2008)     0.367641 -0.000109649
recdev2(2009)    -0.335645 -0.000230222
recdev2(2010)    0.0103489 -0.000278998
recdev2(2011)      0.39294 -0.000429219
recdev2(2012)     0.818888 -0.000789332
recdev2(2013)     0.398966 -1.04604e-06
recdev2(2014)    -0.709045 -1.77023e-05
Fcast_recruitments(2015)     -1.34687  0.000897495
Fcast_recruitments(2016)    -0.585969   8.7508e-05
Fcast_recruitments(2017)    -0.070796  1.97664e-05
Fcast_recruitments(2018)            0            0
Fcast_recruitments(2019)            0            0
Fcast_recruitments(2020)            0            0
Fcast_recruitments(2021)            0            0
Fcast_recruitments(2022)            0            0
Fcast_recruitments(2023)            0            0
init_F[1]   0.00445858  0.000756357
init_F[2]    0.0118465   0.00186079
Q_parm[1]     0.375637  0.000667615
Q_parm[2]     0.477881  0.000696092
Q_parm[5]     0.726413  0.000367852
selparm[1]      59.0099  0.000467857
selparm[2]     -5.82061  2.12168e-06
selparm[3]      5.08266 -0.000442526
selparm[4]    -0.784518  -9.1266e-06
selparm[7]      67.1197    0.0103523
selparm[8]      -5.0383  4.21892e-08
selparm[9]      5.17318   -0.0270677
selparm[13]      71.6803  0.000469373
selparm[14]     -12.2331  5.71265e-06
selparm[15]      4.95536 -0.000940106
selparm[16]      4.07005  9.10477e-05
selparm[18]      0.18505   0.00023232
selparm[19]      63.0844  6.22648e-05
selparm[20]     -11.7136 -6.06445e-05
selparm[21]      5.63775 -0.000106546
selparm[22]      3.91465  4.03551e-05
selparm[23]     -3.63867 -0.000293916
selparm[24]    -0.621804 -0.000175676
selparm[25]      66.3745  4.29691e-05
selparm[26]     -12.2314 -2.23995e-07
selparm[27]      4.67017  0.000351728
selparm[28]      4.79675  6.22698e-05
selparm[30]     -1.03797  7.27671e-05
selparm[31]      80.7411  0.000244455
selparm[32]      89.9875  9.15311e-05
selparm[33]      84.4248  0.000109489
selparm[34]      89.9982 -2.35501e-05
selparm[37]   -0.0519386  1.11595e-05
selparm[38]     -4.81311 -3.10931e-07
selparm[39]     -4.93087 -1.64742e-06
selparm[40]      -4.9924 -6.47973e-08
selparm[41]      5.99866  -0.00129533
selparm[42]      6.05231   0.00183145
selparm[43]       6.3531 -0.000526619
selparm[44]      6.05184  0.000551024
selparm[47]      5.11088  8.24121e-07
selparm[48]      5.34508 -1.02431e-06
selparm[49]      5.42766 -3.65435e-06
selparm[50]      5.01392 -2.68533e-07
selparm[53]      74.1532  0.000361032
selparm[54]      67.9536  0.000174659
selparm[55]       71.731  0.000148836
selparm[56]      82.0798 -0.000998327
selparm[59]     -0.44286  9.89994e-06
selparm[60]     -5.07915 -1.60557e-07
selparm[61]     -5.20896   9.3652e-08
selparm[62]     -4.95544  1.74239e-06
selparm[63]      5.42434  -0.00095265
selparm[64]      4.98795 -8.19715e-05
selparm[65]      5.25409 -0.000412306
selparm[66]      6.06511   0.00237037
selparm[73]      68.8818 -0.000282313
selparm[74]      3.88775 -2.26047e-07
selparm[75]       5.1529 -0.000237353
selparm[76]      63.8871 -0.000214837
selparm[77]      56.6077 -0.000662289
selparm[78]     -4.50125  1.44551e-05
selparm[79]     -5.26382 -6.88145e-06
selparm[80]      5.49843 -0.000224337
selparm[81]      5.06069   0.00103746
selparm[82]      4.60217 -5.07719e-06
selparm[83]      4.24504 -1.00005e-05
selparm[84]     -2.92709  6.95655e-05
selparm[85]     -2.58554   0.00019914
parm_dev[1](1977)    -0.497398  9.88392e-05
parm_dev[1](1978)    -0.148736 -4.13033e-05
parm_dev[1](1979)    0.0240435  4.43911e-05
parm_dev[1](1980)     0.404545 -1.90285e-05
parm_dev[1](1981)    -0.382167 -1.73354e-05
parm_dev[1](1982)    -0.112183  0.000276144
parm_dev[1](1983)   0.00971905  3.31762e-05
parm_dev[1](1984)    -0.552615  0.000244981
parm_dev[1](1985)     0.509622  0.000323432
parm_dev[1](1986)      0.13227 -1.85316e-05
parm_dev[1](1987)   -0.0135514  9.72603e-05
parm_dev[1](1988)    0.0582464 -0.000113192
parm_dev[1](1989)      0.56831 -4.63484e-05
parm_dev[2](1977)    -0.350227   5.6121e-05
parm_dev[2](1978)    0.0587848 -0.000104787
parm_dev[2](1979)   -0.0177476  9.94017e-05
parm_dev[2](1980)    0.0607384 -8.84272e-05
parm_dev[2](1981)     -0.40295 -3.79649e-05
parm_dev[2](1982)     0.207814 -0.000183318
parm_dev[2](1983)    -0.159551 -1.29032e-05
parm_dev[2](1984)    -0.896437 -0.000175849
parm_dev[2](1985)     0.281815  7.14968e-05
parm_dev[2](1986)     0.640824 -0.000181108
parm_dev[2](1987)   -0.0112512  0.000149161
parm_dev[2](1988)    -0.109688  0.000189221
parm_dev[2](1989)     0.698027 -0.000104932
parm_dev[3](1977)  -1.5844e-05 -0.000254055
parm_dev[3](1978) -1.15845e-05 -0.000183497
parm_dev[3](1979)  6.80072e-08  9.99321e-07
parm_dev[3](1980) -1.23186e-05 -0.000180591
parm_dev[3](1981)  1.28536e-05   0.00020887
parm_dev[3](1982)  7.00051e-06  0.000111245
parm_dev[3](1983)  1.73455e-05   0.00021129
parm_dev[3](1984)  4.60517e-07  1.00596e-05
parm_dev[3](1985)  -8.2748e-06 -0.000118024
parm_dev[3](1986)  2.35488e-05  0.000367058
parm_dev[3](1987)  1.56929e-06  2.45511e-05
parm_dev[3](1988) -7.43283e-06   -0.0001224
parm_dev[3](1989)  2.99855e-06  5.02245e-05
parm_dev[4](1978)    -0.285297   0.00243998
parm_dev[4](1979)     0.016111   0.00331096
parm_dev[4](1980)     0.177442   0.00349993
parm_dev[4](1981)    -0.641736   0.00426162
parm_dev[4](1982)    -0.556298   0.00355561
parm_dev[4](1983)     -0.55775   0.00571074
parm_dev[4](1984)  -0.00475743   0.00464658
parm_dev[4](1985)      1.13053   0.00405112
parm_dev[4](1986)     0.891513   0.00487309
parm_dev[4](1987)   -0.0439816  2.07265e-05
parm_dev[4](1988)    -0.154753  3.44587e-06
parm_dev[4](1989)   -0.0524691  4.77159e-05
parm_dev[5](1978)    -0.161666  -0.00195859
parm_dev[5](1979)     0.126038  -0.00384481
parm_dev[5](1980)     0.365285  -0.00368647
parm_dev[5](1981)    -0.668347  -0.00217941
parm_dev[5](1982)    -0.353941  -0.00219549
parm_dev[5](1983)     -0.55125  -0.00346462
parm_dev[5](1984)    0.0634139  -0.00413138
parm_dev[5](1985)     0.800149  -0.00594156
parm_dev[5](1986)     0.564679  -0.00601741
parm_dev[5](1987)      0.00603  8.83971e-05
parm_dev[5](1988)    -0.174055  5.76097e-05
parm_dev[5](1989)    0.0243779  9.67009e-05
