# Number of parameters = 128 Objective function value = 3343.48991073844  Maximum gradient component = 0.000303589317842964
# q1:
1.20000000000
# alpha:
1.00000000000
# beta:
0.00000000000
# mean_log_rec:
11.3134047001
# rec_dev:
 -1.52710218690 -0.558404931687 -0.606068382746 -0.656144580738 -0.698885943508 -0.747750703532 -0.778790488865 -0.812048145504 -0.773281806152 -0.780009172318 -0.800162209701 -0.819070066677 -0.794836192463 -0.828046948773 -0.714938745382 -0.346739352885 -0.401477467995 0.839385431171 1.14159686786 1.14605136050 0.701567548249 0.472960966715 0.526112921652 0.507727645065 1.14360257442 0.637768252808 0.538936767829 0.576978870534 0.208278063376 0.279975991938 0.358805756686 0.502621861321 -0.303005100054 -0.206112590307 0.339509915495 -0.153605941865 0.133058739956 0.570979133397 0.0303383111364 0.458902679796 0.247896361396 0.584703820513 0.316688027443 0.320763773302 -0.306226804273 -0.165905915634 -0.150917508644 -0.00984423283833 0.126555232111 0.151505470352 0.174004730808 0.676856846863 0.825354941887 -0.107256834641 0.180317779712 0.105194956595 -0.603274488962 -0.346531272390 -0.764700580537 0.140149203223 -0.445299221988 -0.725375895212 -0.273103178786 -0.361275382757 0.872434637886 0.539733624055 0.917682152614 0.271191056046
# log_avg_fmort:
-3.24830603349
# fmort_dev:
 -1.11872653039 -0.871407523967 -1.35920420577 -0.112865870994 0.0409740580479 -0.741241398435 -0.600800196427 -0.911675060708 -0.514187248784 0.0136205596271 0.268152666075 0.913602851599 0.0125837363706 1.26390423036 -0.161540136575 -0.415133586990 -0.0874811247949 0.122096991392 -0.119185674341 -0.348424861843 0.243389491318 0.0888365848441 0.383080965208 -0.00200723502626 -0.0258588020916 0.00541754393874 -0.515388838258 -0.184022560955 -0.379876314120 -0.609127965089 -0.248250966214 0.210284410984 0.358323214248 0.263651244369 0.0504566652266 0.191382698870 0.570399123086 0.220827803201 0.578634599503 0.416572167877 0.159221403000 0.101628980509 0.350648380689 0.757076332288 0.453183538905 0.714611882808 0.573843977432
# fish_slope_f:
0.802274199615
# fish_sel50_f:
7.10093577004
# fish_slope_m:
0.574314574084
# fish_sel50_m:
7.91718360950
# srv1_slope_f:
0.960839707075
# srv1_sel50_f:
5.23290360881
# srv1_slope_m:
1.08199357930
# srv1_sel50_m:
4.86802239465
# F40:
0.127506754251
# F35:
0.153791520262
# F30:
0.230009778561
