#	file	aplaice_2019.dat.
#input	survey	q
1.2
#phase	to	estimate	q
-5
#Bering	Sea	Alaska	plaice	split-sex	model	data
#start	year	end	year
1975	2021
#start	year	and	end	year	for	future	projections
2022	2026
#phase	for	F40
	3
#median	recruits	to	use	for	the	last	year	for	each	sex(end	year)
	206384	#	May	need	to	redo
#	nages	for	number	of	ages	in	the	model	(3-25)
	23
#	fishery	nselages-	selectivity	after	nselages	age	set	equal	to	selectivity	at	nselages	age
	18
#	survey	nselages_shelf	survey-	selectivity	after	nselages	age	set	equal	to	selectivity	at	nselages	age
	18
#	phase	to	do	logistic	selectivity
2
#number	of	length	bins
51	#	10	cm	to	60	cm
#number	of	years	of	fishery	length	data
27
#years	when	have	fishery	length	data
1978	1979	1980	1981	1982	1983	1984	1985	1986	1987	1988	1989	1995	2001	2008	2009	2010	2011	2012  2013  2014  2015 2016  2017  2018	2019	2020
#nsamples	weight	for	fish	length	comps	need	matrix	each	year	and	sex
50	50	50	50	50	50	50	50	50	50	50	50	50	50	50	50	50	50	50  50  50  50  50  50  50	50	50
50	50	50	50	50	50	50	50	50	50	50	50	50	50	50	50	50	50	50  50  50  50  50  50  50	50	50
#number	of	years	of	shelf	survey	biomass	data
39
#years	when	have	shelf	survey	biomass	data
1982	1983	1984	1985	1986	1987	1988	1989	1990	1991	1992	1993	1994	1995	1996	1997	1998	1999	2000	2001	2002	2003	2004	2005	2006	2007	2008	2009	2010	2011	2012	2013	2014   2015   2016  2017  2018  2019	2021
#number	of	years	of	shelf	survey	length	data
15
#years	when	have	shelf	survey	length	data
1983	1984	1985	1986	1987	1989	1990	1991	1996	1997	1999	2003	2004	2015   2021
#sample	size	for	each	length	comp	by	sex	and	year	for	the	shelf	"survey,"
200	200	200	200	200	200	200	200	200	200	200	200	200	200 200
200	200	200	200	200	200	200	200	200	200	200	200	200	200	200
#length	bins	51	length	bins	1O	to	60	cm
#10	11	12	13	14	15	16	17	18	19	20	21	22	23	24	25	26	27	28	29	30	31	32	33	34	35	36	37	38	39	40	41	42	43	44	45	46	47	48	49	50	51	52	53	54	55	56	57	58	59	60
#size	composition	for	shelf	survey	females	(both	sexes	sum	to	1	for	each	year)	when	there	is	no	age	data
0	4.45E-05	4.45E-05	0.000267206	0.000392469	0.000178137	0.000202606	0.000255296	0.000301971	0.000505822	0.000664663	0.000565249	0.000992335	0.001176039	0.002585807	0.004452297	0.007329802	0.007106564	0.012173484	0.012886462	0.016943111	0.01900693	0.023181898	0.022625841	0.021882085	0.027895106	0.022727228	0.026977363	0.027587472	0.027809223	0.028045871	0.030283222	0.024839813	0.018606178	0.014499067	0.009751603	0.005860836	0.003156078	0.001031148	0.000979573	0.000398471	0.000616309	0.000134335	4.98E-05	2.49E-05	0	0	0.000203958	0	0	0
0	0	0	8.14E-05	0	5.67E-05	0.000170197	0.000113465	0.000428341	0.000772524	0.000619356	0.000393698	0.000971307	0.001885211	0.002885199	0.003611279	0.004486209	0.007510411	0.007236472	0.011725123	0.01262067	0.013384185	0.015904251	0.018015743	0.024255892	0.022958966	0.02738212	0.037511759	0.033069168	0.034753177	0.031256594	0.027245712	0.034446791	0.02429824	0.017467303	0.011384676	0.007748706	0.004342142	0.003039147	0.001447133	0.000787116	0.00086436	0.000519954	0.000296105	0.000228138	0.000117477	0	0	0	0	0
0	0	0	0	0	0	0.000215287	0.000389678	0	0.000283063	0.000706087	0.000674916	0.00081937	0.001718769	0.002218266	0.005215178	0.004665763	0.006414667	0.008772012	0.011317233	0.014241954	0.014930948	0.016054208	0.01837109	0.021598566	0.023201238	0.024988057	0.029038095	0.033520847	0.035422786	0.033779184	0.033519962	0.030454037	0.022517502	0.024656136	0.01477802	0.010573612	0.005802811	0.004195531	0.002289433	0.001212971	0.000783919	0.000598089	0.000126156	0.000107996	9.38E-05	0	0	0	0	0
0	0	0	0	0	0	0	0.000225052	0.000138442	0.000319467	0.000918447	0.001367887	0.002284315	0.003459773	0.004680498	0.005192466	0.006771566	0.007658198	0.01042326	0.009349299	0.011614719	0.013887638	0.011576574	0.011320438	0.019740642	0.021758296	0.024227712	0.022200199	0.027745853	0.03224687	0.028808129	0.029003268	0.026831027	0.025983688	0.019463258	0.016499141	0.013764917	0.010205025	0.005402052	0.005530942	0.001577481	0.001417617	0.001211358	0.000535517	0	3.41E-05	3.29E-05	0	0	0	0
0	0	0	0	0	0	0	0	6.33E-05	0	0.00029495	0.000635341	0.001817512	0.002722615	0.003126704	0.003521493	0.008304377	0.007325074	0.007184586	0.009521157	0.00981301	0.009939649	0.01075672	0.013008435	0.011684199	0.01606687	0.02069093	0.0218151	0.026597566	0.024377485	0.030700204	0.038193293	0.037140665	0.031018228	0.02595774	0.022224356	0.014691671	0.010559435	0.010007077	0.004728526	0.005663509	0.002399737	0.000839438	0.000812051	0.000108619	0.000318712	0	0.000123079	0	0	0
0	0	0	0	0.000128882	0.000128882	0.000405769	0.000365409	0.000254913	0.000974233	0.000650915	0.001381836	0.001588978	0.001883911	0.002920501	0.004229116	0.006396796	0.008791188	0.01059848	0.01436947	0.010624999	0.014402371	0.01299463	0.014659327	0.013036902	0.017577676	0.013220698	0.019246618	0.018701103	0.020585518	0.024981498	0.024525424	0.029742928	0.031016938	0.030917769	0.031849377	0.026409774	0.019769745	0.0139489	0.015307676	0.008899774	0.004261851	0.002789129	0.001150667	0.000407385	0.00079285	0.000209502	0.000104544	0	0	0
0	0	0.000107403	0.000214805	0.000479247	0.000321296	0.000823675	0.000763598	0.001744258	0.001232214	0.003980348	0.002805008	0.004346293	0.004040213	0.004957582	0.005445968	0.007491414	0.007248396	0.008354909	0.01008074	0.012179191	0.013252261	0.015889407	0.013937779	0.014180991	0.016235318	0.016571481	0.018197551	0.016069115	0.0189163	0.02053378	0.027458377	0.030244564	0.029455859	0.034549594	0.031896584	0.026524231	0.024989432	0.020223455	0.01672765	0.00921801	0.004660385	0.003969137	0.002890135	0.000879217	0.000326555	0.001016204	0	0	0.00021306	0
0	7.71E-05	0	7.71E-05	7.71E-05	0.000183197	0.000674799	0.000628022	0.000536642	0.000708998	0.001180738	0.00193472	0.003255123	0.004268163	0.005171301	0.006057977	0.005831064	0.007121435	0.005952402	0.006762918	0.014067553	0.009047285	0.009507063	0.009808034	0.01744399	0.020142261	0.016669315	0.018889	0.0165381	0.018946053	0.014947411	0.02171988	0.022779506	0.022767159	0.022668374	0.025984436	0.028610195	0.017633503	0.014094839	0.013801661	0.007471881	0.004358418	0.002635063	0.00070775	0.000287265	0.000132487	0.000126972	0.000397862	0	0.000126972	0.000126972
0	0.000136793	0.000136793	0	0	9.30E-05	0.000221607	0.000107981	0.000656507	0.001831886	0.001723273	0.002841478	0.003820603	0.007459595	0.010626624	0.013541063	0.011431459	0.016171204	0.01605229	0.014705184	0.017241982	0.014258186	0.01668274	0.017260695	0.014401972	0.022373155	0.018919999	0.019116023	0.021966256	0.020642118	0.01754461	0.020949184	0.016803774	0.018261165	0.017913049	0.02032528	0.017333257	0.014649031	0.012430453	0.010066547	0.007477065	0.003484439	0.00345029	0.001624208	0.000973451	0.001288294	0.000240494	0.000242788	4.28E-05	2.65E-05	0
0	0	8.69E-05	8.69E-05	0.000128227	0.000306026	0.000632939	0.00056248	0.000694429	0.000983768	0.001693892	0.001723982	0.002573824	0.003633499	0.005070516	0.006983539	0.009303214	0.01202694	0.014575827	0.018656819	0.018255372	0.020801675	0.023027426	0.018813286	0.021915472	0.019051321	0.024467926	0.021028066	0.021378979	0.020276691	0.023083281	0.022339549	0.022525485	0.020918976	0.020953518	0.016821808	0.01752414	0.016804242	0.0141148	0.011215715	0.007042585	0.012764204	0.004838291	0.002198442	0.001637175	0.000943675	0.000673875	0.000611997	4.82E-05	9.55E-05	0
0	0	2.98E-05	0	3.86E-05	5.39E-05	0.000252782	0.00045945	0.000556766	0.00098348	0.001281183	0.001627275	0.00236034	0.003934223	0.004968708	0.006000785	0.009050174	0.012444443	0.013459792	0.01462687	0.015376355	0.016338424	0.017137222	0.017600405	0.019120885	0.01772372	0.017775292	0.019845725	0.021493122	0.022812502	0.018292798	0.021217754	0.019069834	0.021812579	0.018754683	0.020645329	0.017412081	0.016471663	0.012571256	0.01073765	0.008564088	0.004679704	0.003222772	0.002419122	0.002621739	0.001621668	0.00077058	5.95E-05	0.000116495	4.70E-05	0
0	4.35E-05	8.62E-05	0.00022366	8.70E-05	0.000457807	0.000697675	0.001055629	0.001451485	0.001125034	0.002987519	0.002610031	0.003329852	0.004917011	0.004294279	0.006342696	0.007362962	0.008282943	0.00752137	0.010567874	0.009609515	0.011085835	0.017029471	0.018129725	0.01976113	0.028265564	0.029342087	0.030502522	0.038764965	0.037161694	0.02984101	0.027740921	0.030457638	0.032505383	0.019720617	0.018522244	0.017946788	0.017309487	0.013676902	0.012174583	0.006774195	0.007674396	0.004138478	0.002897742	0.001515385	0.001086457	0.000515901	0.000205265	0.000105409	0.000171199	0
7.91E-05	0.000280384	0.001431327	0.001590678	0.000669409	0.000910284	0.000574234	0.000989368	0.001801219	0.002139951	0.003592856	0.004058094	0.004582687	0.005791691	0.00524379	0.005807773	0.006463381	0.007939851	0.007053682	0.012290124	0.008811528	0.009491026	0.011655251	0.012789407	0.013406663	0.013233898	0.019326097	0.022281226	0.028841996	0.030392385	0.031445529	0.034971513	0.034868545	0.031658392	0.028983615	0.023344377	0.02549939	0.014710866	0.013954291	0.013315686	0.007580072	0.005520482	0.004484536	0.003527945	0.00174888	0.000847445	0.000972543	0.00019256	3.84E-05	0	0
0	0	0	0	0	0	0.0001	0.0002	0.0001	0.0003	0.0002	0.0007	0.0019	0.0012	0.0033	0.0031	0.0027	0.0037	0.0048	0.0065	0.0054	0.0089	0.0133	0.0130	0.0153	0.0212	0.0261	0.0291	0.0436	0.0358	0.0324	0.0328	0.0265	0.0215	0.0206	0.0178	0.0160	0.0140	0.0155	0.0130	0.0091	0.0061	0.0023	0.0034	0.0012	0.0020	0.0005	0.0002	0	0	0
0.000382259	0.000906231	0.000221234	0.000204714	0.000216386	0.000640806	0.000820998	0.001438387	0.002836939	0.003637027	0.008135607	0.006644108	0.01200631	0.011281372	0.012616593	0.016861584	0.014666654	0.013173428	0.011679884	0.017563993	0.015418076	0.014309882	0.013402248	0.016708938	0.016025374	0.019746464	0.014897994	0.014999527	0.017940181	0.014711511	0.016602841	0.015132459	0.021265101	0.019310082	0.019615992	0.020080902	0.015634543	0.015074901	0.013578505	0.011478753	0.008034223	0.004507488	0.003035908	0.001978319	0.002601833	0.000430222	0.000165491	0.000295967	0.000448507	0	0
#size	composition	for	shelf	survey	males	(sum	to	1	for	both	sexes)	when	there	is	no	age	data
0	0	8.91E-05	0.000898843	0.000534412	0.000575193	0.000299831	0.000713198	0.000660508	0.000803056	0.000648618	0.000815323	0.001294037	0.002722969	0.003937974	0.005967396	0.009540192	0.018882433	0.029524918	0.051359946	0.073224554	0.082292336	0.087936869	0.077978519	0.058108416	0.03074671	0.016717028	0.007174539	0.003523816	0.001701168	0.001326605	0.001055855	0.001111664	0.000210292	0	3.77E-05	0.000290782	0	0	0	5.26E-05	0	0	0	0	0	0	0	0	0	0
0	0	0	0	2.58E-05	0.000170197	0.000304129	0.000536408	0.000918069	0.000619005	0.000778109	0.000996606	0.001412277	0.003506943	0.004874816	0.005548669	0.010319125	0.012948334	0.027790439	0.039354609	0.065812463	0.081518879	0.081518239	0.077428221	0.064933253	0.03699075	0.020999669	0.007594202	0.003311874	0.000766515	0.000400764	0.000269101	0	2.59E-05	0	0	0	0	3.42E-05	0	0	0	0	0	0	0	0	0	0	0	0
0	0	0	0	0	0	0.000686533	0	0.000479842	0.000375208	0.000903495	0.000630549	0.000865787	0.002011296	0.003252178	0.004781315	0.007404019	0.009626848	0.015928723	0.030048456	0.049545215	0.073152733	0.083422501	0.088087474	0.07131025	0.046333608	0.028822392	0.012709019	0.005818292	0.001968298	0.000755783	0.000407117	0.000405866	0	0	0	0	0	0	0	0	0	0	0	0	0	0	0	0	0	0
0	0	0	0	0	0.000167921	0.000164541	0.000114293	0.000470755	0.000553206	0.001310462	0.002244102	0.003398402	0.004748356	0.006330828	0.007603549	0.010209102	0.011917973	0.016484686	0.025377586	0.044575504	0.066893157	0.090813254	0.091664856	0.073764597	0.049737471	0.027553352	0.014861401	0.004531535	0.003291028	0.002524044	0.000808177	0.000459622	0.000680878	0.000527248	0	0.000229699	0.000302168	0.000205716	7.25E-05	0	0	0	0	0	0	0	0	0	0	0
0	0	0	0	3.84E-05	0	0	0	0	0.000105419	0.000115076	0.00050881	0.001389636	0.002515905	0.00530569	0.006644604	0.008646173	0.012672925	0.012073344	0.018432832	0.035646564	0.051657843	0.076041022	0.087567722	0.086322988	0.070221148	0.038566901	0.021122177	0.011856627	0.004537009	0.001400933	0.000662343	0.000134797	0.000341966	0	0.000583005	0.000134797	0	0	0	0	0	0	0	0	0	0	0	0	0	0
0	0.000128882	0	0.000128882	0.000391352	4.37E-05	0.000194898	4.44E-05	0.000401625	0.000270719	0.000767742	0.001623994	0.002275574	0.003080505	0.004606844	0.008146017	0.00745439	0.013195329	0.016743501	0.021686017	0.021950893	0.033911571	0.042210329	0.05710787	0.07180071	0.081112138	0.060513969	0.036052669	0.020880298	0.007701423	0.005207611	0.001666122	0.000956729	0	8.25E-05	0.000151774	0.00030419	0	0	0	0	0	0	0	0	0	0	0	0	0	0
0	0.000107403	0.000107403	0.000107403	0.000881442	0.000867321	0.001052433	0.001931788	0.002550521	0.003566953	0.004949277	0.003207327	0.00335988	0.003197024	0.005527708	0.008964062	0.010286572	0.014401273	0.015626267	0.032494143	0.023519025	0.033867062	0.035358785	0.042678606	0.060556044	0.060515877	0.046629906	0.037208073	0.021463575	0.009943079	0.004394454	0.002098539	0.001767987	7.48E-05	7.14E-05	0	0.00041332	0.000174235	0.000361354	0	0	7.48E-05	0	0	0	0	0	0	0	0	0
0	0	7.71E-05	3.44E-05	3.10E-05	0.000154203	0.000264127	0.001012367	0.000918048	0.001754851	0.001548223	0.001953492	0.003682619	0.005165124	0.006249313	0.00664339	0.008459739	0.013717236	0.013571931	0.015592372	0.02326049	0.035010267	0.051770056	0.050332902	0.05775269	0.098601672	0.067139944	0.049138023	0.029685533	0.019457988	0.011500478	0.001688257	0.00022247	0.000298695	0.000139767	0	0.000177172	2.90E-05	2.90E-05	0	0	0	0	0	0	0	0	0	0	0	0
0	0	5.66E-05	5.66E-05	0	0	3.60E-05	0.000486079	0.001345809	0.001685705	0.002953853	0.00526685	0.008034306	0.013170361	0.013464011	0.015767505	0.020624333	0.024266129	0.023843343	0.029428316	0.036005544	0.04637181	0.042138802	0.045176241	0.047684613	0.039613058	0.040238997	0.029456892	0.015736016	0.013213354	0.003192245	0.002621566	0.001025802	0.000342755	0.000913932	0.000829505	0.00060331	0.00187082	0.00116596	0.000388653	4.78E-05	0.000499972	0.000777307	0	5.22E-05	0	0	0	0	0	0
0	8.28E-05	0.000206882	0.000256454	0.000289634	0.000437409	0.000796569	0.001059089	0.001367587	0.001767131	0.002069419	0.003272028	0.006030767	0.006337587	0.007938983	0.009572974	0.012150303	0.018000344	0.021996069	0.029454966	0.036702969	0.039908109	0.041937193	0.047379028	0.050521926	0.046371539	0.038954747	0.032236598	0.017401506	0.011432699	0.004336148	0.002456237	0.000717144	0.000366874	9.55E-05	5.56E-05	0	4.08E-05	0.000102971	0	0	0	0	0	0	0	0	0	0	0	0
0	7.63E-05	3.50E-05	0	0.00014414	5.39E-05	0.000295549	0.000529352	0.000671603	0.001654459	0.002330724	0.002712685	0.003884805	0.006691572	0.008217287	0.009128533	0.014128013	0.019164271	0.026891861	0.034188503	0.041046897	0.044386614	0.040711851	0.047195553	0.045536755	0.05051809	0.043340479	0.040220092	0.027431103	0.01485425	0.008434815	0.002920146	0.002162463	0.000689397	0.000378154	0.000462212	1.57E-05	0	0.000120467	0.000114453	2.98E-05	9.41E-05	0	0	7.75E-05	0	0	0	0	0	0
0.000129275	8.70E-05	0.000220419	0.000416303	0.000769642	0.000723693	0.00052704	0.000986127	0.002006249	0.00309883	0.002545153	0.003760399	0.004214464	0.006203424	0.007845252	0.00620107	0.010743607	0.010927735	0.013259691	0.017679539	0.028885154	0.031977386	0.05067375	0.043206788	0.052731269	0.043304978	0.040998726	0.028162967	0.017836143	0.011954212	0.005294978	0.002729377	0.00072314	0.000277658	0.00016882	0	0.000151582	0	0	0	8.66E-05	0	0	4.55E-05	0.00028046	8.86E-05	0	0	0	0	0
0.000529364	0.001329075	0.001419284	0.002282362	0.001621822	0.001780192	0.002041064	0.002686713	0.002922575	0.003805547	0.004884726	0.005255183	0.006341276	0.006380219	0.009673293	0.006822174	0.01156621	0.012542795	0.014232714	0.019302729	0.021057809	0.029261399	0.038089478	0.04537667	0.046846142	0.049032637	0.045298886	0.035324288	0.02096806	0.013487589	0.008409769	0.003428242	0.002240341	0.001226061	0.000551184	0	0	0	0	0	0.000337242	3.86E-05	0	0.000193374	0	0	0.000228567	0	0	0	0
0			0			0			0			0			0			0.0001		0.0001		0.0001		0.0002		0.0010		0.0007		0.0020	0.0021	0.0023	0.0049	0.0058	0.0043	0.0095	0.0095	0.0225	0.0349	0.0596	0.0701	0.0796	0.0560	0.0496	0.0421	0.0284	0.0191	0.0104	0.0045	0.0027	0.0011	0.0005	0.0005	0.0003	0.0002	0	0	0	0	0	0	0	0	0	0	0	0	0
0.000975656	0.000522462	0.000423029	0.001768726	0.001177736	0.001105053	0.000843457	0.003007058	0.005101176	0.006653939	0.006258477	0.011316058	0.012211864	0.017019677	0.015430506	0.01567488	0.015829922	0.018941876	0.020322484	0.021365524	0.023420485	0.02762836	0.024695259	0.03527122	0.040695525	0.051229549	0.044046588	0.033137612	0.027601558	0.013366331	0.008468317	0.004361479	0.002805705	0.000214172	0.000715145	0.000774117	0.000217283	0.001013222	0.000264419	0	4.88626E-05	0.000248088	0	0	0.0004604	0	0	0	0	0	0
#
#fishery	length	data
#females
0	0	0	0	0	0	0	0	0	0	0	0	0	0	0	0	0.001044932	0.002089864	0.006792059	0.009926855	0.017241379	0.028213166	0.03030303	0.037095089	0.042319749	0.04754441	0.045977011	0.047021944	0.043364681	0.042319749	0.036050157	0.037617555	0.03030303	0.02246604	0.01985371	0.014629049	0.009926855	0.006269592	0.001567398	0.004179728	0.00261233	0.002089864	0	0	0	0	0	0	0	0	0
0	0	0	0	0	0	0	0	0	0	0	0	0	0	0	0.00039883	0.00079766	0.00159532	0.001728264	0.002525924	0.005982451	0.007311885	0.011433129	0.015687317	0.023132146	0.035894709	0.046929008	0.05331029	0.058362138	0.061153948	0.050784366	0.037888859	0.020473278	0.01262962	0.006913055	0.006248338	0.003323584	0.002392981	0.000930604	0.000531773	0.00039883	0.000531773	0	0	0.000132943	0	0	0	0	0	0
0	0	0	0	0	0	0	0	0	0	0	0	0	0	0.000211238	0.000316857	0.000211238	0.001373046	0.002534854	0.003168568	0.003696662	0.006442755	0.007498944	0.009188847	0.017427123	0.02165188	0.036861005	0.047845374	0.072665822	0.088825518	0.09252218	0.089036755	0.081432193	0.065378116	0.047739755	0.036544149	0.024714829	0.020490072	0.013519223	0.008660752	0.007604563	0.005386565	0.002112379	0.002429235	0.001478665	0.000422476	0.000105619	0.000105619	0	0	0
0	0	0	0	0	0	0	0	0	0	0	0	0	0	0	0.00046729	0.00046729	0	0	0.000934579	0.002803738	0.005607477	0.010747664	0.009345794	0.018224299	0.03271028	0.039252336	0.062149533	0.079439252	0.095794393	0.093457944	0.080373832	0.058411215	0.039252336	0.025700935	0.017757009	0.012616822	0.009813084	0.005607477	0.003738318	0.000934579	0	0.00046729	0.000934579	0	0	0	0	0	0	0
0	0	0	0	0	0	0	0	0	0	0	0	0	0.000140865	0	0.000845189	0.002535568	0.005634596	0.010142274	0.014790816	0.018875898	0.0240879	0.029863361	0.032539794	0.034371038	0.036624877	0.045358501	0.042259473	0.05535991	0.067615157	0.071981969	0.07141851	0.059444992	0.044513312	0.026905198	0.017889844	0.008874489	0.003380758	0.002958163	0.000986054	0.00056346	0.00028173	0	0	0	0.000140865	0	0	0	0	0
0	0	0	0	0	0	0	0	0	0	0	0	0	0	0.000404613	0.001213838	0.002832288	0.002832288	0.007283027	0.006878414	0.011531459	0.013756828	0.015577584	0.020230629	0.017398341	0.022455998	0.026704431	0.026704431	0.033380538	0.040461258	0.045114303	0.056848068	0.04693506	0.039045114	0.026704431	0.015172972	0.009103783	0.00546227	0.003439207	0.00384382	0.002225369	0.00161845	0.000809225	0.000606919	0	0.000202306	0.000404613	0.000202306	0	0	0
0	0	0	0	0	0	0	0.000126703	0	0	0.000190054	0	0	0.000316756	0	0.000253405	0.000570162	0.001013621	0.0024707	0.003420969	0.006778587	0.008425721	0.013493823	0.016534685	0.022109598	0.030281913	0.035666772	0.040608172	0.042318657	0.049730757	0.05087108	0.053911942	0.050934431	0.039657903	0.029775103	0.020652518	0.013367121	0.007222046	0.005574913	0.003737726	0.003357618	0.002153944	0.002217295	0.001773836	0.000886918	0.000696864	0.00050681	0.000190054	0.000126703	6.34E-05	0.000126703
0	0	0	0	0	0	0	0	0	4.90E-05	0	0.000490412	9.81E-05	0.000196165	0.00039233	0.002059732	0.001520279	0.002697268	0.003187681	0.005345496	0.007601393	0.009661125	0.014123878	0.015595115	0.018978961	0.024814869	0.029228581	0.030650777	0.031680643	0.034328871	0.03511353	0.034917366	0.033593252	0.029424746	0.025697612	0.018439508	0.011966063	0.009710166	0.005639743	0.002795351	0.001520279	0.000588495	0.000294247	0.000196165	0.000147124	9.81E-05	0	0	4.90E-05	0	0
0	0	0	0	0	7.44E-05	0.000185919	0.000446204	0.000911001	0.001598899	0.002082288	0.002825962	0.003197799	0.004034432	0.004462045	0.006060944	0.006971945	0.007697027	0.007994497	0.008366334	0.009110008	0.009965233	0.012047521	0.01344191	0.016007585	0.017903954	0.022180081	0.025489431	0.028148066	0.032461375	0.03512001	0.032331232	0.035101419	0.034153234	0.029616822	0.023909123	0.014780523	0.007659843	0.004331902	0.002844554	0.001320022	0.000892409	0.000576347	0.000353245	0.000241694	0.000111551	5.58E-05	1.86E-05	0	0	0
0	0.00014298	9.53E-05	0.00011915	0.000333619	0.00019064	0.00019064	0.000810218	0.000452769	0.000667239	0.001167668	0.001763416	0.002764274	0.003121723	0.004313221	0.005028119	0.005838338	0.007363454	0.009389	0.009817939	0.011009437	0.011867315	0.011724335	0.012606043	0.015656277	0.015155848	0.01884949	0.023210371	0.029096368	0.034624917	0.045181584	0.048827566	0.051448861	0.054213135	0.052235249	0.046015632	0.038413879	0.025926985	0.019588218	0.012320084	0.007863883	0.005385569	0.003121723	0.002168525	0.000953198	0.000500429	0.000452769	0.00011915	9.53E-05	2.38E-05	2.38E-05
0.000163324	0.00047364	0.000653296	0.001371921	0.001322924	0.001322924	0.001731234	0.002057882	0.001714902	0.002139544	0.002155876	0.002841837	0.003037826	0.002825505	0.002858169	0.002580519	0.002335533	0.002841837	0.002956164	0.003968772	0.00476906	0.006532959	0.008852159	0.011024368	0.014356177	0.014617495	0.017198014	0.020137845	0.024792579	0.028728686	0.032109492	0.034330698	0.036176259	0.034102045	0.031031554	0.02569086	0.019974521	0.012951591	0.00994643	0.005879663	0.003642125	0.001763899	0.001241262	0.000604299	0.000506304	0.000261318	8.17E-05	3.27E-05	1.63E-05	1.63E-05	1.63E-05
0	0	0	0	0	0	0	0	0	0.000497636	0.000746454	0	0.000497636	0.000995272	0.000497636	0.001244091	0.001741727	0.003483454	0.004976362	0.005473999	0.006966907	0.011445633	0.009703906	0.015426723	0.018661359	0.019905449	0.025628266	0.026872356	0.028614083	0.029609356	0.033341627	0.032843991	0.0315999	0.031351082	0.032595173	0.031351082	0.03035581	0.028116447	0.02637472	0.024632993	0.018163722	0.012192088	0.006718089	0.006718089	0.002736999	0.001492909	0.001990545	0	0.000746454	0.000248818	0
0	0	0	0	0	0	0	0	0.000255951	0.000255951	0.000511902	0.000511902	0.001023803	0.002047607	0.002047607	0.002303558	0.005374968	0.006398771	0.008190427	0.011005887	0.014077297	0.017404658	0.014589199	0.023035577	0.020732019	0.018684413	0.017404658	0.022523675	0.018428462	0.029178398	0.028154594	0.024059381	0.028410545	0.027386742	0.028154594	0.030970054	0.029690299	0.030202201	0.023547479	0.022523675	0.013821346	0.017404658	0.008702329	0.00588687	0.003327361	0.002815459	0.000767853	0.001535705	0.000255951	0.000255951	0.000511902
0	0	0	0	0	0	0	0	0	0	0	0.000514668	0.000514668	0.001029336	0.001544004	0.004117344	0.003088008	0.005661348	0.007205353	0.014410705	0.012352033	0.021616058	0.014925373	0.02882141	0.029336078	0.025218734	0.032938755	0.033968091	0.030880082	0.038600103	0.030365414	0.033968091	0.027792074	0.03139475	0.027277406	0.023160062	0.019042717	0.016469377	0.010808029	0.005661348	0.004632012	0.004632012	0.001544004	0.001544004	0.001544004	0.000514668	0.001029336	0	0	0	0
0	0	0	0	0.000134228	0.000671141	0.001073826	0.003087248	0.003087248	0.003892617	0.00442953	0.006845638	0.004697987	0.004697987	0.004966443	0.004966443	0.005771812	0.009395973	0.008322148	0.009932886	0.011812081	0.011946309	0.010872483	0.016778523	0.019194631	0.019463087	0.018120805	0.01852349	0.02295302	0.026845638	0.03261745	0.03261745	0.034228188	0.031409396	0.029530201	0.029261745	0.02442953	0.020805369	0.01557047	0.015167785	0.009932886	0.007785235	0.004295302	0.003489933	0.002416107	0.002013423	0.001610738	0.00147651	0.000939597	0.000134228	0
0	0.000100898	0	0	0	0.000100898	0.000100898	0.000302694	0.000706286	0.001109878	0.001210776	0.001311674	0.001311674	0.001412572	0.001715266	0.001816164	0.003834124	0.008172737	0.008273635	0.012107759	0.014932903	0.018363435	0.018767027	0.02310564	0.022399354	0.02411462	0.026031682	0.02613258	0.026031682	0.027444254	0.026737968	0.031076582	0.031379276	0.032993643	0.028957724	0.030067602	0.02966401	0.025930784	0.0200787	0.016648169	0.015336495	0.012914943	0.009080819	0.005246696	0.00454041	0.003430532	0.002825144	0.002320654	0.001715266	0.001109878	0.00050449
0	0	0	0	0	0.000100472	0.00090425	0.000200944	0.000602833	0.000401889	0.002009444	0.002210389	0.003215111	0.004822667	0.004119361	0.003617	0.003516528	0.005927861	0.006430222	0.013262333	0.014668944	0.014869888	0.017080277	0.019391138	0.024515222	0.022907666	0.02491711	0.022103888	0.025318999	0.024716166	0.028634583	0.030543555	0.03395961	0.034562443	0.034160555	0.034763388	0.035064805	0.031146388	0.02762986	0.019592083	0.014267055	0.012559027	0.008037778	0.006832111	0.004018889	0.002411333	0.003717472	0.003817944	0.001105194	0.000401889	0.000301417
0	0	0	0	6.83E-05	0	0.000136556	0.000204834	0.000409668	0.000819336	0.000955892	0.001365561	0.002048341	0.002389731	0.002594565	0.002253175	0.002731121	0.005120852	0.007510583	0.011197597	0.015430834	0.017615731	0.023282808	0.022873139	0.025604261	0.02806227	0.024784924	0.027720879	0.024989758	0.02492148	0.026696709	0.029837498	0.027925714	0.027720879	0.026833265	0.026969821	0.02389731	0.019186126	0.015908781	0.013450772	0.011538987	0.007578861	0.006554691	0.003618735	0.001911785	0.002048341	0.000887614	0.001638673	0.000955892	0.000819336	0.000409668
0	0	0	6.83E-05	0	0	0	0.000136584	0.000478044	0.000546336	0.001434132	0.000819504	0.001229256	0.001912176	0.001160964	0.002936557	0.002390221	0.003482893	0.006282866	0.007034078	0.010926723	0.016526668	0.019463225	0.021990029	0.029911903	0.035170389	0.035102097	0.035033805	0.033599672	0.025472922	0.025199754	0.022399781	0.021307109	0.020077853	0.019872977	0.018507137	0.018233968	0.013863279	0.011404767	0.00983405	0.007716998	0.005599945	0.002868265	0.001297548	0.001502424	0.001297548	0.000546336	0.000546336	0.000546336	0.000546336	0.000273168
0.000509866	0.000509866	0.000968745	0.001631571	0.001631571	0.001682557	0.00193749	0.001835517	0.001682557	0.002192423	0.002855249	0.003263142	0.005251619	0.008157854	0.012236782	0.014786111	0.019170958	0.022841993	0.025034416	0.02870545	0.030133075	0.03365115	0.034721868	0.035231734	0.036557385	0.036149493	0.035333707	0.033090297	0.030286035	0.025238362	0.018457146	0.011726916	0.006322337	0.003365115	0.001274665	0.001019732	0.001019732	0.000968745	0.000458879	0.000917759	0.001121705	0.000407893	0.000968745	0.001121705	0.000968745	0.000662826	0.000968745	0.000560852	0.000560852	0.000611839	0.000560852
0	0	0	0	0.000126887	0.000253775	0.000126887	0.000380662	0.000634437	0.001649537	0.001268875	0.001903312	0.001649537	0.001522649	0.002918411	0.002283974	0.003045299	0.002918411	0.003933511	0.004567948	0.006598147	0.011039208	0.017256693	0.016622256	0.023601066	0.028295902	0.034259612	0.036416698	0.03832001	0.03832001	0.035909149	0.033878949	0.029691663	0.027027027	0.023854841	0.023093516	0.020809542	0.017891131	0.015607156	0.013323182	0.011292983	0.009643446	0.00647126	0.004948611	0.002664636	0.001903312	0.001903312	0.001649537	0.000888212	0.001141987	0.000634437
0.00017313	0	0	0.00034626	0	0	0.00017313	0.000692521	0.001038781	0.001731302	0.002943213	0.003635734	0.003116343	0.003808864	0.004155125	0.004501385	0.003808864	0.004501385	0.004328255	0.004847645	0.005886427	0.008137119	0.012811634	0.01783241	0.019563712	0.024065097	0.027873961	0.034972299	0.033067867	0.03583795	0.039127424	0.037222992	0.032202216	0.028220222	0.025796399	0.023372576	0.019563712	0.018351801	0.016793629	0.013157895	0.010387812	0.006578947	0.004155125	0.002770083	0.001904432	0.003116343	0.001211911	0.001385042	0.001731302	0.000865651	0.001211911
0.000210025	0.000560067	0.00042005	7.00084E-05	0.000280034	0.000490059	0.000770092	0.000700084	0.001050126	0.001400168	0.002940353	0.004760571	0.004760571	0.005740689	0.005950714	0.006720806	0.006930832	0.006930832	0.007560907	0.006510781	0.005950714	0.006230748	0.006090731	0.009731168	0.012321479	0.01575189	0.016381966	0.021072529	0.027863344	0.03458415	0.042635116	0.047395687	0.040674881	0.033674041	0.026183142	0.0175021	0.015261831	0.009661159	0.006720806	0.005110613	0.003990479	0.001260151	0.002310277	0.000910109	0.000560067	7.00084E-05	0	7.00084E-05	0	0	0
0	6.0905E-05	0	6.0905E-05	6.0905E-05	0	0.000182715	0.000182715	0.000182715	0.000426335	0.001096291	0.000304525	0.000548145	0.000548145	0.000304525	0.001035386	0.000913576	0.001035386	0.002314392	0.002984347	0.003593398	0.005116024	0.005542359	0.009622998	0.012607345	0.015896218	0.018271515	0.020525002	0.023143919	0.025397405	0.03112248	0.03727389	0.035812169	0.031670625	0.032888726	0.023752969	0.01845423	0.013886351	0.01218101	0.009013947	0.009013947	0.006212315	0.003532493	0.002070772	0.001279006	0.000669956	0.000548145	0.00012181	6.0905E-05	0.00012181	6.0905E-05
3.4046E-05	3.4046E-05	3.4046E-05	0	0.000136184	3.4046E-05	6.80921E-05	0.000238322	0.000272368	0.000578783	0.000919243	0.001259703	0.001395887	0.001498025	0.001702302	0.001259703	0.001532071	0.001634209	0.002587498	0.002927959	0.004017432	0.004255754	0.005787825	0.006707068	0.010281901	0.013243906	0.015048345	0.015286668	0.01766989	0.021414953	0.026181397	0.031322348	0.038097508	0.037212311	0.033024649	0.029177448	0.024240774	0.019576467	0.013992918	0.009873349	0.00694539	0.003915293	0.002553452	0.001395887	0.000646875	0.000680921	0.000238322	0.00034046	0.00017023	0.000102138	0
0.00005	0.00005	0.00009	0.00005	0.00028	0.00033	0.00052	0.00095	0.00109	0.00175	0.00232	0.00213	0.00356	0.00304	0.00294	0.00341	0.00313	0.00323	0.00266	0.00370	0.00479	0.00560	0.00683	0.00944	0.01176	0.01409	0.01826	0.01774	0.01698	0.01949	0.02049	0.02243	0.02708	0.03016	0.03163	0.02632	0.02537	0.01949	0.01613	0.01181	0.00735	0.00484	0.00379	0.00209	0.00085	0.00085	0.00033	0.00019	0.00019	0.00005	0.00000
0.00000	0.00000	0.00000	0.00012	0.00012	0.00031	0.00104	0.00104	0.00226	0.00269	0.00281	0.00317	0.00275	0.00208	0.00244	0.00281	0.00214	0.00214	0.00250	0.00305	0.00433	0.00531	0.00549	0.00824	0.01074	0.01319	0.01508	0.01825	0.01703	0.01825	0.01874	0.02149	0.02405	0.03046	0.02942	0.03181	0.03058	0.02826	0.02185	0.02069	0.01410	0.01062	0.00659	0.00549	0.00330	0.00165	0.00165	0.00092	0.00067	0.00061	0.00049
#males
0	0	0	0	0	0	0	0	0	0	0	0	0	0	0	0	0.004179728	0.011494253	0.026123302	0.038662487	0.044409613	0.047021944	0.044932079	0.043887147	0.042319749	0.038140021	0.025600836	0.021421108	0.011494253	0.008359457	0.002089864	0.001044932	0	0	0	0	0	0	0	0	0	0	0	0	0	0	0	0	0	0	0
0	0	0	0	0	0	0	0	0	0	0.000132943	0	0	0.00039883	0.000132943	0.002127094	0.004653018	0.014357884	0.032571125	0.063281042	0.087210848	0.112071258	0.09279447	0.058495081	0.029646371	0.016484977	0.007843659	0.003456528	0.00199415	0.00199415	0.00039883	0.000265887	0	0	0.000132943	0.000132943	0	0	0	0	0	0	0	0	0	0	0	0	0	0	0
0	0	0	0	0	0	0	0	0	0	0	0	0	0	0	0.000316857	0.00095057	0.00295733	0.006442755	0.01182932	0.01964512	0.02756654	0.02851711	0.026299113	0.020912548	0.014152936	0.009083228	0.004858471	0.002851711	0.002323616	0.000739332	0.000633714	0.000105619	0	0.000105619	0	0.000105619	0	0	0	0	0	0	0	0	0	0	0	0	0	0
0	0	0	0	0	0	0	0	0	0	0	0	0	0	0	0.000934579	0.000934579	0.003738318	0.004672897	0.011214953	0.018224299	0.034579439	0.040186916	0.047196262	0.04953271	0.029439252	0.023364486	0.01588785	0.007943925	0.002803738	0.002336449	0	0	0	0	0	0	0	0	0	0	0	0	0	0	0	0	0	0	0	0
0	0	0	0	0	0	0	0	0	0	0	0	0	0	0.00056346	0.00056346	0.001126919	0.004507677	0.010142274	0.013663896	0.026341738	0.036624877	0.052260882	0.048034934	0.035779687	0.02324271	0.009719679	0.004225947	0.001126919	0.000140865	0.00028173	0	0.000422595	0.00028173	0.00028173	0.00028173	0	0	0	0	0	0	0	0	0	0	0	0	0	0	0
0	0	0	0	0	0	0	0	0	0	0	0	0	0.000404613	0.001820757	0.003641513	0.006069189	0.011329152	0.020635242	0.044305078	0.056443455	0.075864859	0.069795671	0.063726482	0.062512644	0.035808214	0.021444467	0.009710702	0.005057657	0.002832288	0.000404613	0.000404613	0.000202306	0	0	0	0.000202306	0	0	0	0	0	0	0	0	0	0	0	0	0	0
0	0	0	0	0	0	0	0.00050681	0.001140323	0.000886918	0.001076972	0.001267026	0.001140323	0.000633513	0.000823567	0.001520431	0.00145708	0.005321508	0.012543554	0.024516946	0.039974659	0.052454862	0.060120367	0.062781121	0.056445993	0.038707634	0.024136839	0.013050364	0.009756098	0.006271777	0.005258156	0.004117833	0.003104213	0.002787456	0.002280646	0.001583782	0.000633513	0.000696864	0.000380108	0.000126703	0	0.000253405	0.000126703	0	0	0	0	0	0	0	0
0	0	0	0	0	0	0	0	0	0	0	0.000147124	0.000686577	0.000735619	0.001373155	0.00274631	0.004707959	0.007061939	0.013780589	0.026580354	0.041341768	0.063998823	0.08439998	0.089745476	0.083762444	0.062870874	0.036780933	0.019812662	0.008778383	0.003285763	0.001814526	0.000735619	0.00078466	0.000490412	0.000147124	0.000147124	9.81E-05	9.81E-05	4.90E-05	9.81E-05	0	0	0	0	0	4.90E-05	0	0	0	0	0
0	0	5.58E-05	0.000111551	0.000371837	0.000650715	0.001431573	0.002063696	0.002825962	0.003792738	0.004276126	0.004369085	0.004759514	0.004759514	0.005038392	0.006451373	0.009091416	0.012047521	0.016416606	0.025006042	0.040753342	0.061092829	0.077193374	0.081897113	0.072452451	0.048599104	0.023035306	0.013999665	0.004908249	0.002379757	0.001134103	0.000576347	0.000353245	0.000316062	0.000223102	0.000223102	0.000148735	7.44E-05	1.86E-05	1.86E-05	0	0	0	0	0	0	0	0	0	0	0
2.38E-05	2.38E-05	2.38E-05	9.53E-05	9.53E-05	7.15E-05	0.00014298	0.000548089	0.000405109	0.001215327	0.002525975	0.004289391	0.005290249	0.006124297	0.008221333	0.008126013	0.008197503	0.010675817	0.011152416	0.014440949	0.020017158	0.027928701	0.039200267	0.041106663	0.04222667	0.032718521	0.024092079	0.015465637	0.009389	0.004408541	0.002954914	0.001691926	0.001286817	0.000691069	0.000786388	0.000595749	0.000571919	0.000405109	0.00014298	0.00011915	0.00011915	2.38E-05	7.15E-05	0	2.38E-05	0	2.38E-05	0	0	0	0
0.000212321	0.000620631	0.001649572	0.001829228	0.001665904	0.001388254	0.00191089	0.001731234	0.002237538	0.003299144	0.003103155	0.004507742	0.005308029	0.005308029	0.005063043	0.005242699	0.005716339	0.007349579	0.010175083	0.014780819	0.02418828	0.041239302	0.067354805	0.082151957	0.088162279	0.071241915	0.046661658	0.027454759	0.01226563	0.005651009	0.003233815	0.001535245	0.000947279	0.000620631	0.000506304	0.000506304	0.000212321	9.80E-05	6.53E-05	1.63E-05	3.27E-05	0	0	1.63E-05	0	0	0	0	0	0	0
0	0	0	0	0	0	0.000497636	0.000497636	0.000746454	0.000746454	0.000995272	0.000995272	0.000995272	0.001741727	0.001990545	0.004727544	0.008708634	0.018661359	0.021647176	0.029609356	0.031102264	0.0315999	0.032346355	0.032595173	0.032843991	0.032595173	0.031351082	0.028614083	0.023637721	0.018163722	0.013684996	0.00920627	0.005722817	0.002736999	0.003234635	0.001492909	0.001492909	0.001492909	0.001492909	0.000995272	0.000995272	0.000497636	0.000746454	0.000248818	0.000497636	0.000497636	0.000248818	0.000248818	0.000248818	0.000248818	0
0	0	0	0	0	0.000511902	0.000255951	0.000255951	0.000511902	0.000255951	0.000767853	0.000767853	0.001791656	0.002815459	0.00588687	0.006910673	0.010238034	0.016380855	0.017404658	0.018172511	0.022523675	0.026362938	0.033785513	0.034297415	0.039416432	0.043255695	0.042487842	0.037624776	0.027898643	0.020476069	0.008702329	0.004863066	0.003583312	0.003583312	0.001535705	0.000511902	0.001023803	0.000767853	0	0	0	0	0	0	0	0	0	0	0	0	0
0	0	0	0	0	0	0	0	0	0	0	0.000514668	0	0.00257334	0.002058672	0.004117344	0.003088008	0.013896037	0.019557385	0.024704066	0.030880082	0.037570767	0.045805455	0.053010808	0.0499228	0.045805455	0.037570767	0.025733402	0.019557385	0.012352033	0.009264025	0.003602676	0.002058672	0.00257334	0	0.001029336	0.002058672	0	0.001029336	0.001029336	0	0	0	0	0.000514668	0	0	0	0	0	0
0.000134228	0	0.000402685	0.000402685	0.001073826	0.001342282	0.002550336	0.004295302	0.005100671	0.005771812	0.007919463	0.006174497	0.007248322	0.005771812	0.00738255	0.008993289	0.01114094	0.014765101	0.015838926	0.020536913	0.024295302	0.030604027	0.040939597	0.039328859	0.036778523	0.036375839	0.031812081	0.028590604	0.01704698	0.010469799	0.007114094	0.004966443	0.003087248	0.001610738	0.001879195	0.002416107	0.000536913	0.001073826	0.000939597	0.000402685	0.000268456	0.000134228	0	0.000268456	0	0	0	0	0	0	0
0	0	0	0.000100898	0	0.000201796	0.00050449	0.000605388	0.001210776	0.001412572	0.001715266	0.00100898	0.001109878	0.000908082	0.001614368	0.005852084	0.007870043	0.012309555	0.018867925	0.01957421	0.023307436	0.028755928	0.024013722	0.032791847	0.033599031	0.038442135	0.039854707	0.030773888	0.021894864	0.015941883	0.011905963	0.006961961	0.002421552	0.001917062	0.001816164	0.00100898	0.001109878	0.000201796	0.000908082	0.000201796	0.000302694	0.000302694	0.000403592	0.000706286	0.000201796	0.000302694	0.000605388	0	0	0.000807184	0.000201796
0	0	0	0.000100472	0.000200944	0.000100472	0.000301417	0.000100472	0.000301417	0.001105194	0.003315583	0.0054255	0.003215111	0.00452125	0.005325028	0.006028333	0.006530694	0.009846278	0.010851	0.016376972	0.018888777	0.021902944	0.023309555	0.020797749	0.03034261	0.034763388	0.032954888	0.030844971	0.023711444	0.015472722	0.010650055	0.005325028	0.004119361	0.003315583	0.001507083	0.0018085	0.002009444	0.001306139	0.003014167	0.001406611	0.00090425	0.000602833	0.000502361	0.000703306	0.000602833	0.000703306	0.002009444	0.000502361	0.001205667	0.001607556	0.000200944
0	0	0	6.83E-05	6.83E-05	0.000136556	0.00034139	0.000273112	0.000273112	0.000955892	0.001775229	0.002458009	0.002662843	0.003618735	0.002731121	0.003687014	0.005462242	0.008261641	0.013996996	0.024443534	0.030315444	0.032841732	0.035777687	0.038372252	0.041922709	0.047180117	0.045951113	0.035777687	0.024784924	0.016113615	0.010924485	0.005257408	0.003209067	0.001160726	0.001160726	0.000887614	0.00102417	0.000955892	0.000546224	0.000614502	0	0.000136556	0.000204834	6.83E-05	0.000546224	0.000136556	0.000273112	0.000204834	0.00034139	0.000273112	0.00034139
0	0	0	0	0	6.83E-05	0.000204876	0.000409752	0.00068292	0.0017073	0.001160964	0.003278017	0.002936557	0.003687769	0.004029229	0.005190193	0.005395069	0.00676091	0.013794987	0.020146145	0.036467937	0.04807758	0.056409206	0.051765349	0.050672676	0.04199959	0.04063375	0.032370416	0.026019258	0.017209588	0.009082838	0.006077989	0.003073141	0.002799973	0.001912176	0.001843884	0.001502424	0.001502424	0.00102438	0.001160964	0.00034146	0.000478044	0.000204876	0.000546336	6.83E-05	0.000204876	0.000136584	0	0.000273168	0.000136584	0
0.00030592	0.000560852	0.000713812	0.001172692	0.001682557	0.001682557	0.00209045	0.001733544	0.001784531	0.00224341	0.002906236	0.004027941	0.006526284	0.010044358	0.014582165	0.019782797	0.023249885	0.027736705	0.029572223	0.032325498	0.033396217	0.03365115	0.033753123	0.034008056	0.032427472	0.028807424	0.024575537	0.018559119	0.011879876	0.00688319	0.002957222	0.001376638	0.000764799	0.000203946	0.000407893	0.00030592	0.000713812	0.000407893	0.000407893	0.000662826	0.000713812	0.000611839	0.000866772	0.001325651	0.000764799	0.000764799	0.000815785	0.000509866	0.000560852	0.000407893	0.000458879
0	0.000126887	0	0.000126887	0	0	0.000380662	0.000634437	0.001141987	0.001776424	0.002030199	0.002664636	0.002918411	0.003172186	0.003552849	0.003425961	0.003172186	0.004948611	0.005202385	0.011546758	0.021443979	0.027788352	0.034640274	0.038954447	0.040857759	0.040096434	0.037431798	0.032990737	0.032990737	0.02639259	0.015226494	0.014845832	0.007740135	0.003933511	0.002157087	0.001903312	0.001903312	0.00050755	0.001268875	0.000253775	0.000253775	0.001141987	0.000126887	0.000888212	0.000634437	0.000253775	0.000888212	0.000634437	0.000380662	0.000253775	0.000253775
0	0	0.00034626	0.00034626	0	0.00034626	0.000692521	0.001385042	0.002596953	0.002770083	0.003808864	0.003981994	0.004155125	0.004674515	0.004847645	0.004155125	0.004328255	0.004501385	0.006232687	0.007444598	0.014369806	0.024930748	0.031509695	0.038954294	0.039819945	0.042763158	0.040858726	0.03601108	0.032029086	0.02718144	0.018698061	0.010387812	0.007098338	0.005020776	0.002423823	0.001038781	0.001211911	0.001385042	0.001558172	0.001038781	0.001904432	0.001211911	0.000692521	0.001038781	0.001211911	0.001385042	0.001211911	0.000692521	0.000519391	0.000692521	0.001558172
0.000490059	0.001120134	0.000910109	0.001120134	0.001190143	0.001610193	0.001050126	0.001960235	0.001960235	0.00308037	0.00392047	0.005740689	0.004620554	0.006930832	0.007560907	0.00700084	0.006860823	0.007700924	0.00658079	0.009101092	0.010921311	0.015261831	0.028283394	0.045925511	0.062937553	0.064617754	0.065527863	0.048655839	0.036754411	0.022892747	0.018692243	0.008331	0.004970596	0.003360403	0.002240269	0.000910109	0.000840101	0.001400168	0.000560067	0.000350042	0.000910109	0.00042005	0	0	0	0	0	0	0	0	0
6.0905E-05	0.000182715	0.00024362	0.000182715	0.00012181	0.00024362	0.00048724	0.000974481	0.000304525	0.000426335	0.00048724	0.000852671	0.000791766	0.000852671	0.001583531	0.001157196	0.001157196	0.001948962	0.003106158	0.005481454	0.009440283	0.016627078	0.031975151	0.05536269	0.076374931	0.090748523	0.085084353	0.0687618	0.048054084	0.030939765	0.016627078	0.008892137	0.004872404	0.003288873	0.003593398	0.002131677	0.001461721	0.001400816	0.00048724	0.000182715	0.000852671	0.000182715	0.00012181	0.00012181	6.0905E-05	0	0	0	0	0	0
0	0	0	6.80921E-05	3.4046E-05	6.80921E-05	0.000204276	0.000476644	0.000442598	0.000544736	0.001157565	0.001123519	0.001940624	0.002212992	0.002519406	0.003132235	0.002757728	0.003336511	0.005106905	0.007217758	0.010690453	0.016069726	0.025636661	0.042421354	0.063802261	0.089575106	0.093422307	0.081233828	0.056312134	0.03636116	0.018452948	0.008409369	0.004562168	0.002621544	0.001429933	0.001395887	0.001089473	0.000885197	0.000646875	0.000408552	0.000272368	0.00017023	0.000102138	6.80921E-05	3.4046E-05	3.4046E-05	0	0	0	0	0
0.00019	0.00028	0.00009	0.00038	0.00033	0.00090	0.00123	0.00218	0.00261	0.00365	0.00436	0.00560	0.00474	0.00455	0.00432	0.00432	0.00408	0.00398	0.00441	0.00688	0.01110	0.01570	0.02442	0.04131	0.06241	0.08129	0.08812	0.07821	0.05611	0.03486	0.01641	0.00730	0.00427	0.00209	0.00157	0.00081	0.00071	0.00062	0.00066	0.00038	0.00028	0.00028	0.00014	0.00005	0.00000	0.00005	0.00005	0.00000	0.00000	0.00000	0.00000
0.00000	0.00000	0.00000	0.00012	0.00067	0.00085	0.00153	0.00317	0.00269	0.00397	0.00372	0.00378	0.00403	0.00446	0.00360	0.00397	0.00342	0.00470	0.00360	0.00610	0.00861	0.01294	0.02155	0.03467	0.05195	0.06984	0.08137	0.07210	0.05848	0.03913	0.02253	0.00903	0.00397	0.00195	0.00165	0.00079	0.00079	0.00049	0.00024	0.00018	0.00018	0.00012	0.00012	0.00000	0.00000	0.00000	0.00000	0.00006	0.00000	0.00000	0.00000
#
#fishery	catch	1975-2021	update recent values and project full year catch for end year
2492	3620	2589	10420	13672	6908	8653	6811	10766	18982	24888	46519	18567	61638	14134	10926	15003	18074	13846	10822	19172	16096	21236	14296	13997	14497	8685	12176	9978	7888	11194	17318	19522	17376	13944	16165	23656	16612	23523	19447   14614    13384  16491  23340  16251	20078	16760
#
#shelf	survey	biomass	tons	1982-2019
#715408	742973	789180	579978	553899	565376	698170	537204	525127	529705	530595	515855	623265	553285	531723	641216	455877	548314	446097	546224	429167	462036	493674	513374	642008	422972	509302	529690	498009	519578	581896	505583	451624   355640   425217 491050
715408	742973	789180	579978	553899 547867.41 676859.79	515039.29	495346.46	534274.11	516517.58	516126.44	623314.18	554849.86	532322.23	632144.92	455904.07	480513.8	446100.77	546224.03	425663.21	462038.42	480960.62	507713.21	641642.43	422986.15	509303.22	529699.19	498117.27	519578.27	581896.21	505583.48	451624.37	355640.36	425216.58	491049.73  419509  368787  333830
#
#shelf	survey	biomass	standard deviations	1982-2019
64836	65108	35762	61006	63025	57500	138309	59223	50037	50126	56433	50545	53293	62644	67504	72894	58691	47042	67613	68497	53698	95865	63698	56128	83063	37452	47430	50359	46865	72781	83432	65596	48850   38641    41191  52459   37223  29038 28647
#
#weight	at	age	"(kg),"	females	"first,"	then	males
#0.031864774	0.070534691	0.123915729	0.189154278	0.262865312	0.341755841	0.42292092	0.503977449	0.583078189	0.658886446	0.730468651	0.797269609	0.85899271	0.915560373	0.967044628	1.013645717	1.055616114	1.093252967	1.126887109	1.156863724	1.18349403	1.207113133	1.228015503
#0.028371441	0.064125116	0.110167855	0.161994943	0.215756597	0.268585691	0.31856646	0.364557943	0.406009631	0.442780034	0.474997502	0.502953772	0.527018273	0.547609134	0.56513637	0.579992653	0.592549445	0.60312465	0.612018719	0.619479479	0.625732856	0.630967643	0.635341302
#recalculated in November 2016 to match VBL parameters listed in SAFE
0.030053096	0.069865939	0.12674546	0.198132884	0.280623913	0.370675625	0.465008631	0.560804225	0.655772395	0.748143924	0.836621919	0.920315285	0.998667721	1.071389941	1.138399029	1.199766468	1.255675038	1.306383982	1.352201506	1.393463533	1.430517665	1.463711369	1.493383533
0.070062228	0.095438167	0.124196747	0.155927343	0.190199095	0.226580042	0.264650707	0.30401341	0.344298294	0.385166883	0.426313774	0.467466967	0.508387212	0.548866668	0.588727105	0.627817818	0.666013394	0.703211424	0.739330232	0.774306672	0.808094029	0.840660047	0.871985099
#
#maturity	at	age
#0	0	0	0.08	0.2	0.43	0.58	0.79	0.88	0.95	0.97	0.98	0.99	1	1	1	1	1	1	1	1	1	1
0	0	0	0.02	0.06	0.16	0.37	0.63	0.84	0.94	0.98	0.99	1	1	1	1	1	1	1	1	1	1	1
#
#female	length-age	conversion	matrix;	ages	"3-25,"	lengths	10-60;	ages	are	in	rows	and	lengths	in	columns
0.089	0.179	0.245	0.227	0.142	0.06	0.017	0.003	0	0	0	0	0	0	0	0	0	0	0	0	0	0	0	0	0	0	0	0	0	0	0	0	0	0	0	0	0	0	0	0	0	0	0	0	0	0	0	0	0	0	0
0.018	0.029	0.044	0.062	0.08	0.096	0.107	0.111	0.106	0.093	0.076	0.058	0.041	0.026	0.016	0.009	0.005	0.002	0.001	0	0	0	0	0	0	0	0	0	0	0	0	0	0	0	0	0	0	0	0	0	0	0	0	0	0	0	0	0	0	0	0
0	0	0	0	0	0.001	0.003	0.007	0.016	0.032	0.058	0.09	0.121	0.143	0.147	0.132	0.103	0.07	0.042	0.022	0.01	0.004	0.001	0	0	0	0	0	0	0	0	0	0	0	0	0	0	0	0	0	0	0	0	0	0	0	0	0	0	0	0
0	0	0	0	0	0	0	0	0.001	0.003	0.009	0.021	0.042	0.072	0.107	0.138	0.153	0.146	0.121	0.086	0.053	0.028	0.013	0.005	0.002	0	0	0	0	0	0	0	0	0	0	0	0	0	0	0	0	0	0	0	0	0	0	0	0	0	0
0	0	0	0	0	0	0	0	0	0	0	0	0	0.002	0.008	0.03	0.078	0.149	0.21	0.216	0.164	0.091	0.037	0.011	0.002	0	0	0	0	0	0	0	0	0	0	0	0	0	0	0	0	0	0	0	0	0	0	0	0	0	0
0	0	0	0	0	0	0	0	0	0	0	0	0	0	0	0	0.003	0.015	0.049	0.117	0.197	0.235	0.197	0.117	0.049	0.015	0.003	0	0	0	0	0	0	0	0	0	0	0	0	0	0	0	0	0	0	0	0	0	0	0	0
0	0	0	0	0	0	0	0	0	0	0	0	0	0	0	0	0.001	0.003	0.01	0.027	0.059	0.105	0.152	0.18	0.172	0.135	0.085	0.044	0.019	0.006	0.002	0	0	0	0	0	0	0	0	0	0	0	0	0	0	0	0	0	0	0	0
0	0	0	0	0	0	0	0	0	0	0	0	0	0	0	0	0	0	0.001	0.005	0.013	0.031	0.061	0.101	0.14	0.164	0.161	0.133	0.092	0.054	0.026	0.011	0.004	0.001	0	0	0	0	0	0	0	0	0	0	0	0	0	0	0	0	0
0	0	0	0	0	0	0	0	0	0	0	0	0	0	0	0	0	0	0	0	0	0.002	0.008	0.024	0.06	0.115	0.171	0.199	0.18	0.127	0.07	0.03	0.01	0.003	0.001	0	0	0	0	0	0	0	0	0	0	0	0	0	0	0	0
0	0	0	0	0	0	0	0	0	0	0	0	0	0	0	0	0	0	0	0	0	0	0	0.002	0.008	0.023	0.055	0.104	0.157	0.188	0.18	0.137	0.083	0.04	0.016	0.005	0.001	0	0	0	0	0	0	0	0	0	0	0	0	0	0
0	0	0	0	0	0	0	0	0	0	0	0	0	0	0	0	0	0	0	0	0	0	0	0	0.003	0.013	0.041	0.098	0.171	0.219	0.205	0.142	0.072	0.027	0.007	0.001	0	0	0	0	0	0	0	0	0	0	0	0	0	0	0
0	0	0	0	0	0	0	0	0	0	0	0	0	0	0	0	0	0	0	0	0	0	0	0	0	0.001	0.007	0.027	0.072	0.142	0.205	0.219	0.171	0.098	0.041	0.013	0.003	0	0	0	0	0	0	0	0	0	0	0	0	0	0
0	0	0	0	0	0	0	0	0	0	0	0	0	0	0	0	0	0	0	0	0	0	0	0	0	0	0	0	0.001	0.009	0.062	0.202	0.328	0.266	0.108	0.022	0.002	0	0	0	0	0	0	0	0	0	0	0	0	0	0
0	0	0	0	0	0	0	0	0	0	0	0	0	0	0	0	0	0	0	0	0	0	0	0	0	0	0	0	0	0.002	0.015	0.066	0.173	0.274	0.26	0.148	0.051	0.01	0.001	0	0	0	0	0	0	0	0	0	0	0	0
0	0	0	0	0	0	0	0	0	0	0	0	0	0	0	0	0	0	0	0	0	0	0	0	0	0	0.001	0.002	0.007	0.02	0.044	0.083	0.128	0.163	0.173	0.151	0.11	0.066	0.033	0.013	0.005	0.001	0	0	0	0	0	0	0	0	0
0	0	0	0	0	0	0	0	0	0	0	0	0	0	0	0	0	0	0	0	0	0	0	0	0	0	0	0.001	0.003	0.011	0.029	0.063	0.11	0.156	0.181	0.17	0.13	0.081	0.041	0.017	0.006	0.002	0	0	0	0	0	0	0	0	0
0	0	0	0	0	0	0	0	0	0	0	0	0	0	0	0	0	0	0	0	0	0	0	0	0	0	0	0	0.002	0.006	0.017	0.041	0.081	0.13	0.17	0.181	0.156	0.11	0.063	0.029	0.011	0.003	0.001	0	0	0	0	0	0	0	0
0	0	0	0	0	0	0	0	0	0	0	0	0	0	0	0	0	0	0	0	0	0	0	0	0	0	0	0.001	0.002	0.006	0.015	0.03	0.055	0.086	0.118	0.141	0.147	0.134	0.106	0.073	0.044	0.023	0.011	0.004	0.001	0	0	0	0	0	0
0	0	0	0	0	0	0	0	0	0	0	0	0	0	0	0	0	0	0	0	0	0	0	0	0	0	0	0	0	0.001	0.003	0.009	0.022	0.047	0.084	0.125	0.157	0.166	0.147	0.109	0.068	0.036	0.016	0.006	0.002	0	0	0	0	0	0
0	0	0	0	0	0	0	0	0	0	0	0	0	0	0	0	0	0	0	0	0	0	0	0	0	0	0	0	0	0	0.002	0.006	0.019	0.047	0.094	0.147	0.185	0.185	0.147	0.094	0.047	0.019	0.006	0.002	0	0	0	0	0	0	0
0	0	0	0	0	0	0	0	0	0	0	0	0	0	0	0	0	0	0	0	0	0	0	0	0	0	0	0	0	0	0	0	0.002	0.01	0.036	0.094	0.175	0.231	0.216	0.142	0.066	0.022	0.005	0.001	0	0	0	0	0	0	0
0	0	0	0	0	0	0	0	0	0	0	0	0	0	0	0	0	0	0	0	0	0	0	0	0	0	0	0	0	0	0	0	0.003	0.013	0.045	0.109	0.19	0.234	0.204	0.126	0.055	0.017	0.004	0.001	0	0	0	0	0	0	0
0	0	0	0	0	0	0	0	0	0	0	0	0	0	0	0	0	0	0	0	0	0	0	0	0	0	0	0	0	0	0	0	0	0.001	0.007	0.03	0.089	0.179	0.245	0.227	0.142	0.06	0.017	0.003	0	0	0	0	0	0	0

#male	length	at	age	conversion	matrix
0.218	0.397	0.266	0.066	0.006	0	0	0	0	0	0	0	0	0	0	0	0	0	0	0	0	0	0	0	0	0	0	0	0	0	0	0	0	0	0	0	0	0	0	0	0	0	0	0	0	0	0	0	0	0	0
0.027	0.039	0.053	0.068	0.082	0.093	0.099	0.099	0.093	0.082	0.068	0.053	0.039	0.027	0.017	0.01	0.006	0.003	0.002	0.001	0	0	0	0	0	0	0	0	0	0	0	0	0	0	0	0	0	0	0	0	0	0	0	0	0	0	0	0	0	0	0
0	0	0	0	0.001	0.003	0.007	0.017	0.033	0.057	0.086	0.116	0.137	0.142	0.13	0.105	0.074	0.046	0.025	0.012	0.005	0.002	0.001	0	0	0	0	0	0	0	0	0	0	0	0	0	0	0	0	0	0	0	0	0	0	0	0	0	0	0	0
0	0	0	0	0	0.001	0.002	0.005	0.011	0.024	0.044	0.071	0.102	0.128	0.142	0.138	0.118	0.09	0.06	0.035	0.018	0.008	0.003	0.001	0	0	0	0	0	0	0	0	0	0	0	0	0	0	0	0	0	0	0	0	0	0	0	0	0	0	0
0	0	0	0	0	0	0	0	0	0	0	0	0	0.002	0.022	0.108	0.266	0.328	0.202	0.062	0.009	0.001	0	0	0	0	0	0	0	0	0	0	0	0	0	0	0	0	0	0	0	0	0	0	0	0	0	0	0	0	0
0	0	0	0	0	0	0	0	0	0	0	0	0	0	0	0	0.001	0.029	0.21	0.441	0.269	0.048	0.002	0	0	0	0	0	0	0	0	0	0	0	0	0	0	0	0	0	0	0	0	0	0	0	0	0	0	0	0
0	0	0	0	0	0	0	0	0	0	0	0	0	0	0	0	0.001	0.012	0.072	0.218	0.331	0.251	0.095	0.018	0.002	0	0	0	0	0	0	0	0	0	0	0	0	0	0	0	0	0	0	0	0	0	0	0	0	0	0
0	0	0	0	0	0	0	0	0	0	0	0	0	0	0	0	0	0.002	0.013	0.058	0.161	0.267	0.267	0.161	0.058	0.013	0.002	0	0	0	0	0	0	0	0	0	0	0	0	0	0	0	0	0	0	0	0	0	0	0	0
0	0	0	0	0	0	0	0	0	0	0	0	0	0	0	0	0	0	0	0.005	0.036	0.131	0.265	0.299	0.186	0.064	0.012	0.001	0	0	0	0	0	0	0	0	0	0	0	0	0	0	0	0	0	0	0	0	0	0	0
0	0	0	0	0	0	0	0	0	0	0	0	0	0	0	0	0	0	0	0	0.007	0.059	0.22	0.361	0.26	0.082	0.011	0.001	0	0	0	0	0	0	0	0	0	0	0	0	0	0	0	0	0	0	0	0	0	0	0
0	0	0	0	0	0	0	0	0	0	0	0	0	0	0	0	0	0	0	0	0	0.002	0.048	0.269	0.441	0.21	0.029	0.001	0	0	0	0	0	0	0	0	0	0	0	0	0	0	0	0	0	0	0	0	0	0	0
0	0	0	0	0	0	0	0	0	0	0	0	0	0	0	0	0	0	0	0	0.002	0.015	0.066	0.173	0.274	0.26	0.148	0.051	0.01	0.001	0	0	0	0	0	0	0	0	0	0	0	0	0	0	0	0	0	0	0	0	0
0	0	0	0	0	0	0	0	0	0	0	0	0	0	0	0	0	0	0	0	0.001	0.009	0.041	0.119	0.222	0.265	0.203	0.1	0.031	0.006	0.001	0	0	0	0	0	0	0	0	0	0	0	0	0	0	0	0	0	0	0	0
0	0	0	0	0	0	0	0	0	0	0	0	0	0	0	0	0	0	0	0	0	0.001	0.01	0.056	0.172	0.293	0.276	0.144	0.042	0.007	0.001	0	0	0	0	0	0	0	0	0	0	0	0	0	0	0	0	0	0	0	0
0	0	0	0	0	0	0	0	0	0	0	0	0	0	0	0	0	0	0	0	0	0.002	0.015	0.059	0.151	0.246	0.257	0.172	0.074	0.02	0.004	0	0	0	0	0	0	0	0	0	0	0	0	0	0	0	0	0	0	0	0
0	0	0	0	0	0	0	0	0	0	0	0	0	0	0	0	0	0	0	0	0	0	0	0	0.013	0.132	0.402	0.355	0.091	0.007	0	0	0	0	0	0	0	0	0	0	0	0	0	0	0	0	0	0	0	0	0
0	0	0	0	0	0	0	0	0	0	0	0	0	0	0	0	0	0	0	0	0	0	0.001	0.006	0.033	0.113	0.232	0.284	0.209	0.093	0.025	0.004	0	0	0	0	0	0	0	0	0	0	0	0	0	0	0	0	0	0	0
0	0	0	0	0	0	0	0	0	0	0	0	0	0	0	0	0	0	0	0	0	0	0	0.001	0.014	0.095	0.278	0.357	0.2	0.049	0.005	0	0	0	0	0	0	0	0	0	0	0	0	0	0	0	0	0	0	0	0
0	0	0	0	0	0	0	0	0	0	0	0	0	0	0	0	0	0	0	0	0	0	0.002	0.011	0.04	0.102	0.183	0.233	0.21	0.134	0.06	0.019	0.004	0.001	0	0	0	0	0	0	0	0	0	0	0	0	0	0	0	0	0
0	0	0	0	0	0	0	0	0	0	0	0	0	0	0	0	0	0	0	0	0.002	0.005	0.014	0.032	0.06	0.097	0.133	0.156	0.156	0.133	0.097	0.06	0.032	0.014	0.005	0.002	0	0	0	0	0	0	0	0	0	0	0	0	0	0	0
0	0	0	0	0	0	0	0	0	0	0	0	0	0	0	0	0	0	0	0	0	0	0.001	0.006	0.024	0.066	0.134	0.201	0.22	0.177	0.105	0.046	0.015	0.003	0.001	0	0	0	0	0	0	0	0	0	0	0	0	0	0	0	0
0	0	0	0	0	0	0	0	0	0	0	0	0	0	0	0	0	0	0	0	0	0	0.002	0.008	0.024	0.06	0.115	0.171	0.199	0.18	0.127	0.07	0.03	0.01	0.003	0.001	0	0	0	0	0	0	0	0	0	0	0	0	0	0	0
0	0	0	0	0	0	0	0	0	0	0	0	0	0	0	0	0	0	0	0	0	0.001	0.004	0.012	0.034	0.073	0.126	0.173	0.19	0.166	0.115	0.064	0.028	0.01	0.003	0.001	0	0	0	0	0	0	0	0	0	0	0	0	0	0	0
#	shelf	survey	bottom	temperature	anomalies	1982-2019
#-0.1	-0.1	0.1	0.1	-0.358739934	0.805994655	-0.16156497	0.011508296	-0.682239426	0.932507549	-0.040495791	0.703289763	0.17984731	0.599399669	-0.430053843	0.821612099	-0.900178298	-0.72141905	1.124803626	0.315654776	1.189996186	-1.857530674	-0.208024227	0.209905858	1.088739051	1.544939645	1.175079083	1.244839983	-0.703163369	-0.718960418	-1.264250145	-1.1897907	-1.235923465	0.07747575	-1.55325899
#-0.37	0.79	-0.176	-0.0023	-0.7	0.918	-0.055	0.689	0.166	0.585	-0.44	0.807	-0.91	-0.736	1.11	0.3	1.176	-1.87	-0.222	0.195	1.074	1.53	1.16	1.23	-0.717	-0.73	-1.278	-1.2	-1.25	0.063	-1.567	-0.612	1.05
#-0.479027005	0.685707584	-0.281852042	-0.108778776	-0.802526498	0.812220478	-0.160782862	0.583002692	0.059560238	0.479112597	-0.550340915	0.701325027	-1.020465369	-0.841706121	1.004516554	0.195367704	1.069709114	-1.977817745	-0.328311298	0.089618787	0.968451979	1.424652574	1.054792012	1.124552912	-0.82345044	-0.839247489	-1.384537217	-1.310077772	-1.356210537	-0.042811321	-1.673546061	-0.718130215	0.945295892	0.998554285	2.503179255
#-0.485366064	0.679368526	-0.2881911	-0.115117834	-0.808865556	0.805881419	-0.16712192	0.576663634	0.05322118	0.472773539	-0.556679973	0.694985969	-1.026804427	-0.848045179	0.998177496	0.189028646	1.063370056	-1.984156804	-0.334650356	0.083279729	0.962112921	1.418313515	1.048452954	1.118213854	-0.829789498	-0.845586547	-1.390876275	-1.31641683	-1.362549595	-0.04915038	-1.679885119	-0.724469274	0.938956834	0.992215226	2.496840197	0.221867036
-0.608025056	0.556709533	-0.410850092	-0.237776826	-0.931524548	0.683222427	-0.289780912	0.454004641	-0.069437812	0.350114547	-0.679338965	0.572326977	-1.149463419	-0.970704172	0.875518504	0.066369654	0.940711064	-2.106815796	-0.457309349	-0.039379264	0.839453929	1.295654523	0.925793961	0.995554861	-0.952448491	-0.968245539	-1.513535267	-1.439075822	-1.485208587	-0.171809372	-1.802544111	-0.847128266	0.816297842	0.869556234	2.374181204	0.099208043	2.031249661	2.384474059	1.829
#	number	of	years	with	shelf	survey	ages
24
#	years	with	shelf	survey	ages
1982	1988	1992	1993	1994	1995	1998	2000	2001	2002	2005	2006	2007	2008	2009	2010	2011	2012	2013   2014  2016 2017   2018	2019
#	sample	sizes	for	years	with	"ages,"	by	sex
200	200	200	200	200	200	200	200	200	200	200	200	200	200	200	200	200	200	200	200    200  200   200	200
200	200	200	200	200	200	200	200	200	200	200	200	200	200	200	200	200	200	200	200    200  200   200	200
#shelf	survey	age	comps	for	females	(23	"years,"	sum	to	1	for	both	sexes)
0.000154991	0.000140447	0.00859384	0.015747256	0.102619943	0.065729097	0.03439193	0.022057747	0.069190777	0.05830478	0.128657703	0.08840942	0.044905398	0	0	0	0	0	0	0	0	0	0
0	0.000219468	0.004048163	0.012309055	0.049713538	0.037838719	0.065665388	0.034571307	0.065532212	0.058874136	0.02686865	0.081664892	0	0.011022089	0.004736098	0.006247741	0.020036418	0.014973252	0.035654587	0	0.012168605	0	0.004696839
0	0	0.005983744	0.006932647	0.010903412	0.046158221	0.040626056	0.0294534	0.050040329	0.035047793	0.022997583	0.03667617	0.031789579	0.030302218	0.03351303	0.025603684	0.028989654	0.01503333	0.011335285	0.003358022	0.015480327	0.0151084	0.012738447
0	0	0.007240203	0.019741999	0.04006994	0.055865816	0.071279884	0.007473929	0.003230905	0.033457103	0.056679115	0.035264856	0.051492742	0.033099686	0.021345142	0.016076546	0.016133637	0.00535971	0.012846751	0	0.004744361	0.006029566	0.016395454
0	0	0.007757242	0.014929962	0.045563286	0.039175569	0.021750425	0.045637052	0.016699167	0.011378229	0.0558388	0.011854048	0.050463462	0.021706304	0.031613805	0.021972645	0.008326183	0.013785628	0	0.002053381	0	0	0.030627405
0	0	0.01229637	0.038590796	0.040297284	0.057936838	0.042139314	0.020658044	0.028698616	0.020354138	0.01247087	0.037003868	0.037272347	0.033596539	0.023427021	0.024212625	0.026106794	0.011374388	0.017446695	0.019737389	0.005104364	0	0.032799562
0	0.001275624	0.005456101	0.014358244	0.052412964	0.054728277	0.086040219	0.04181549	0.058895297	0.063487996	0.026173302	0.036453509	0.021462851	0.015501947	0.028999671	0.012955123	0.009041335	0.009737494	0.017765384	0.009089283	0.004878033	0.004980357	0.00915068
0	0.000129111	0.004846169	0.004751236	0.0272768	0.03339475	0.065467256	0.033068627	0.041718505	0.023313846	0.025903618	0.019612316	0.016971991	0.020844336	0.017419843	0.014139986	0.029065482	0.012195537	0.022742644	0.004770858	0.007038395	0.008470027	0.032939261
0	0	0.003920975	0.009028159	0.013005504	0.046019812	0.020596707	0.081177132	0.029407264	0.042521209	0.014574649	0.015279501	0.010015003	0.018207772	0.016616103	0.008036267	0.011151575	0.019305289	0.015298079	0.00872223	0.003000817	0.003998406	0.024175015
0	6.46E-05	0.002093861	0.020997398	0.0303496	0.022542508	0.047838527	0.033658183	0.057100834	0.023108367	0.047626205	0.020892243	0.034655413	0.029726157	0.009283686	0.019323518	0.007497471	0.007540838	0.009908976	0.016740022	0.013714525	0.007227228	0.038265626
0.001194481	0.002866421	0.018416153	0.032284631	0.047815028	0.044093649	0.043294677	0.039432553	0.033426612	0.039645989	0.045876931	0.027122919	0.031155636	0.02588624	0.015814959	0.013877859	0.008612555	0.013465711	0.005225692	0.004466272	0.005189056	0	0.045771911
0.000249502	0.004202026	0.044757922	0.023004788	0.051473376	0.049082245	0.036432904	0.025901718	0.019117435	0.011158119	0.030245257	0.018378672	0.026842447	0.008783195	0.03300946	0.014359537	0.015202169	0.016095122	0.007960061	0.012678124	0.008036998	0.007538752	0.014631526
0	0.004934687	0.053358793	0.069365669	0.044114761	0.030168303	0.024763823	0.033650691	0.036454022	0.020618197	0.022008873	0.020741302	0.010684143	0.027336731	0.00913463	0.008934519	0.007590694	0.011510534	0.001039506	0.010225514	0	0.006292572	0.030394967
0	0	0.012198008	0.045846685	0.059668612	0.04210214	0.023322705	0.03345015	0.032557537	0.024632258	0.010751398	0.013866931	0.025125715	0.023232184	0.022299652	0.005718599	0.003802976	0.008646743	0.009301145	0.011794554	0.007400561	0.001488492	0.018627388
0	0.000463862	0.008424003	0.01217057	0.075641697	0.052065866	0.020758916	0.030629036	0.022576063	0.014928834	0.013493555	0.010215865	0.015752096	0.014005568	0.016574024	0.01811731	0.00904834	0.007942926	0.008289479	0.006042413	0.007503928	0.005252957	0.00989583
0	0	0.004243971	0.009607559	0.014870098	0.078691358	0.051696448	0.026691433	0.027342665	0.024767583	0.012419454	0.012295662	0.016067967	0.007993582	0.01947249	0.016293917	0.013528787	0.009048055	0.009831793	0.002201677	0.009430632	0.004143365	0.016329469
0	3.51E-05	0.000631059	0.021922486	0.035915751	0.033005054	0.076805832	0.062840191	0.025640313	0.016906896	0.027301722	0.008968248	0.010065932	0.015344823	0.004347129	0.020126229	0.014176978	0.012462169	0.009213084	0.007455248	0.010555428	0.006886113	0.020602607
0	0	0.001420001	0.010463444	0.020602684	0.039198982	0.040945553	0.066451505	0.06025205	0.042083583	0.02363956	0.031309541	0.01116215	0.01051035	0.01300979	0.017353124	0.025208448	0.023311231	0.010537879	0.014857128	0.016099597	0.006638772	0.033099848
0	0	0.004111666	0.010467553	0.014913405	0.044001128	0.039754382	0.026709976	0.057782575	0.045561023	0.050793051	0.033262991	0.016693765	0.015719494	0.004448663	0.010889229	0.008198617	0.007922829	0.006111106	0.009730929	0.011160365	0.008076239	0.026601578
0	0.001062859	0.003550894	0.010893345	0.031312136	0.026030661	0.043603667	0.058623453	0.046289323	0.065999792	0.044007995	0.01165626	0.024776356	0.0160764	0.015257394	0.012617371	0.019744745	0.007289962	0.012472609	0.017289404	0.010692983	0.006598989	0.032542788
0	0	0.005343938	0.014555249	0.031780027	0.027578286	0.03822812	0.015626072	0.065109281	0.021843626	0.034161948	0.069178541	0.035384344	0.016558455	0.009585693	0.022913143	0.026224273	0.005584642	0.006330656	0.003089312	0.025266633	0.012977012	0.044040327
0.001382364	0.001679797	0.015159547	0.018495475	0.020736709	0.077450677	0.021097799	0.039311286	0.026752839	0.027433747	0.023178779	0.014223088	0.021994401	0.040962797	0.014926751	0.018451738	0.018496117	0.007252233	0.000803399	0.005965505	0.004754274	0.009741502	0.036673902
0	0.016521896	0.009105681	0.01880659	0.011271352	0.032909321	0.076503404	0.010413747	0.050618774	0.010745831	0.030621544	0.018516449	0.007271599	0.030885757	0.024260271	0.016314527	0.019504125	0.00645423	0.007445781	0.012578969	0.001273826	0.005018109	0.045455498
0.000340332	0.019462604	0.055800551	0.024122431	0.017102555	0.026129036	0.043192977	0.057226885	0.032930807	0.034207871	0.012064515	0.01907824	0.023396879	0.025629251	0.022127321	0.008667891	0.01303558	0.008817941	0.026110638	0.011373708	0.0005979	0.002315405	0.0226948
#shelf	survey	age	comps	for	males	(23	"years,"	sum	to	1	for	both	sexes)
0.000165206	0	0.006376085	0.021134872	0.01685768	0.027428528	0.032641334	0.036187393	0.041479413	0.049037973	0.02681433	0.044700674	0.028577174	0.014405896	0.01168746	0.002305094	0.000623274	0.000218721	0.000110815	0.000158957	0.000185792	0	0
0	0.000132073	0.003508244	0.006211868	0.036032449	0.034604596	0.045467585	0.030933116	0.098126661	0.01649928	0.006079751	0.027654148	0.014509451	0.009437374	0.0040038	0.027599145	0.011003467	0.023467033	0.025271594	0.012505454	0	0.004923716	0.015188043
0	0.007420337	0.023512528	0.001810603	0.031971866	0.04142695	0.02697646	0.031099808	0.064819526	0.035535932	0.029806451	0.027933391	0.015293726	0.014272897	0.01921006	0.041948055	0.014978537	0.016719017	0.00762144	0.007764921	0.00427802	0.020097728	0.007430414
0	0	0.003803923	0.047491504	0.019055016	0.032853301	0.056394732	0.019638866	0.022824142	0.044181994	0.055354346	0.007933061	0.015559392	0.020219088	0.01544966	0.005659906	0.007279591	0	0.034181903	0	0.012150833	0.034368809	0.031772587
0.000201232	0.002220648	0.015187763	0.01458611	0.064150911	0.068471661	0.01688182	0.033609488	0.02372546	0.016484702	0.063762296	0.052361294	0.034550943	0.050588139	0.027090552	0.010816531	0	0.026215358	0.001946873	0	0	0.003065313	0.022950315
0	0	0	0.032275946	0.023120846	0.095803745	0.023702304	0.019840264	0.043966902	0.019651934	0.022722233	0.019424211	0.031031659	0.031727237	0.023414416	0.013097494	0.009588627	0.001428503	0.006472749	0.016432271	0.001720611	0.004992478	0.018061706
0	0.000368069	0.00624746	0.02735978	0.046938716	0.042193801	0.063513796	0.039121643	0.032732844	0.033766323	0.014295023	0.022355794	0.018567211	0.014901493	0.01475608	0.006753467	0.008211406	0.009119651	0.003677259	0.003813694	0.002362253	0.004162344	0.000122711
0	0	0.011903614	0.001285579	0.027562538	0.027559547	0.099581206	0.058681012	0.036607486	0.039706734	0.028389815	0.021656588	0.004405036	0.01616079	0.008981622	0.008637346	0.039032873	0.028055518	0.015438094	0	0.009256976	0.026290596	0.024726437
0	0	0.001908195	0.019438809	0.007280908	0.0796892	0.05300906	0.073723118	0.029839539	0.05956374	0.026190632	0.07871409	0.006096907	0.014253608	0.038607018	0.024231446	0.010440109	0.024486963	0.010391099	0.002558499	0.005722313	0.002558499	0.017238778
0	0.001525158	0.003309781	0.02080352	0.023877164	0.032530256	0.046792333	0.068624578	0.056560261	0.031564265	0.048697372	0.020538287	0.049879722	0.008197719	0.004560033	0.031293387	0.002083215	0.007712982	0.011692227	0.015358439	0.002179987	0.001676156	0.010387416
0.000810793	0.005292367	0.012869896	0.040777788	0.029377059	0.063646554	0.018419624	0.054458628	0.023632803	0.041398187	0.052118517	0.027735065	0.013361557	0.016917174	0.011028786	0.007493229	0.001644197	0.006879898	0.008450936	0.011179864	0	0.002655768	0.004915378
8.47E-05	0.009716518	0.04616654	0.028926887	0.059877393	0.06089467	0.046085266	0.029449585	0.023957694	0.02503209	0.023092517	0.055036932	0.031163406	0.00804428	0.020258856	0.007178468	0.009752178	0.008156847	0.001367838	0.003560429	0.006330835	0	0.016724755
0.002078073	0.005049527	0.049706877	0.080362708	0.059252301	0.024009047	0.026930869	0.05275372	0.046903454	0.008711615	0.016248712	0.0256393	0.026533692	0.03566239	0.020462485	0.00291369	0.00291369	0.012129507	0.003542156	0.001281006	0.004554634	0.004936018	0.004101598
0	0	0.007590919	0.098553598	0.068137418	0.016358899	0.03345467	0.059117515	0.015269859	0.036260819	0.017666738	0.02118414	0.026740173	0.041779194	0.013672944	0.031154914	0.017437635	0.004329141	0.013240115	0.021842957	0.010843744	0.003356175	0.006173999
0	0.003126836	0.006573709	0.013649442	0.101021304	0.090850527	0.077944531	0.043276877	0.02509094	0.02775229	0.01250523	0.0425478	0.020804788	0.028805395	0.017842498	0.020274144	0.028410293	0.013831982	0.010295308	0.013500253	0.003697004	0.002781149	0.015624563
0	0.000555664	0.007694281	0.019785779	0.036834466	0.071440146	0.075577701	0.046953389	0.056281061	0.041473835	0.035096369	0.028450656	0.012780323	0.006194338	0.016082215	0.014942121	0.054270398	0.018041829	0.007555483	0.019803129	0.009255836	0.001887365	0.03207565
0	0.001267784	0.001646602	0.020490969	0.055967533	0.031007192	0.06685778	0.0742299	0.026379908	0.038913474	0.037398195	0.013325323	0.015630983	0.017334713	0.025255706	0.028456979	0.014442743	0.02873845	0.014435765	0.011061265	0.006223078	0.012837643	0.016889671
0	0	0.007417571	0.003613296	0.040138144	0.067721642	0.025546172	0.086804741	0.050302324	0.033618043	0.021103685	0.013010071	0.009299299	0.012726013	0.012268012	0.007395123	0.012163769	0.020230481	0.011645879	0.016385135	0.011992653	0.002885749	0.015576976
0	0	0.001697973	0.009264345	0.028163016	0.061000154	0.045819648	0.034880995	0.067080908	0.094598148	0.041555474	0.021537192	0.025300552	0.018063019	0.006140284	0.022911872	0.015803674	0.018265399	0.00747471	0.001395968	0.002490362	0.002875276	0.020770468
0	0	0.002235614	0.000779028	0.042773804	0.034019671	0.080440076	0.049105594	0.022611439	0.070422726	0.00879788	0.023497283	0.014065136	0.013844212	0.009249914	0.038624795	0.003492496	0.00645604	0.016011993	0.005490744	0.002210242	0.004327038	0.033154889
0.00074603	0.0021913	0.004749594	0.009382675	0.041444455	0.012756673	0.020352781	0.039746308	0.030237101	0.054102034	0.021734381	0.049951119	0.027120372	0.020270141	0.031993446	0.016517392	0.016855989	0.008149686	0.000523498	0.005862582	0.018980916	0.016090127	0.018881821
0.006186137	0.002500871	0.00907168	0.011989974	0.03378652	0.083536896	0.034526572	0.039218503	0.013206031	0.049131728	0.027712029	0.013774033	0.044983999	0.029579137	0.015810492	0.020226165	0.013618569	0.01681805	0.003350215	0.005458777	0.002844766	0.006084315	0.049659814
0.001872553	0.025433181	0.020126041	0.050284814	0.024952364	0.028055972	0.108391309	0.02620147	0.004176334	0.01243911	0.014871181	0.042549273	0.027155802	0.037896315	0.025438372	0.008938035	0.009172557	0.002014704	0.022640354	0.008003779	0.001691344	0.004296353	0.030901504
0.001410053	0.008493829	0.079959737	0.023997444	0.026520496	0.021314739	0.045354526	0.032675858	0.036118831	0.029038336	0.020668282	0.016026709	0.023272146	0.023625227	0.033601923	0.02770117	0.018825747	0.008032325	0.002116383	0	0.00838524	0.003105449	0.003329433
#
#	number	of	years	with	fishery	ages
3
#	years	with	fishery	ages
2000	2002	2003
#	sample	sizes	for	years	with	fishery	"ages,"	by	sex
50	50	50
50	50	50
#	fishery	age	comps	by	sex;	females	first	(sum	to	1	for	both	sexes)
0	0	0	0	0.00646438	0.022955145	0.038021108	0.046204925	0.026631486	0.039330946	0.027031662	0.024217867	0.029151904	0.08311911	0.019564644	0.023831511	0.023499812	0.026980776	0.006228798	0.019044478	0.01209951	0	0.025621937
0	0	0	0	0	0	0.003401361	0.036321672	0.079367779	0.085325559	0.079062736	0.034344293	0.022130439	0.028042328	0.011472843	0.021126228	0.016515495	0.036281179	0.019699546	0.009637188	0.010468632	0.006802721	0
0	0	0.001712329	0	0.008533105	0.003767123	0.005410959	0.027614155	0.028373288	0.053521689	0.045547945	0.062501631	0.005022831	0.046849315	0.015268265	0.022961513	0.015787671	0.016634051	0.007925636	0.005410959	0.018082192	0.03847032	0.070605023
#	males
0	0	0	0.012291832	0.009185831	0.008822363	0.072164948	0.067340735	0.009185831	0.020585514	0.06611816	0.048143008	0.019032514	0.046854348	0.028218345	0.029077452	0.015662173	0.035091197	0.012225747	0	0	0	0
0	0	0	0	0.009206799	0.006059175	0.017469311	0.053411237	0.042965061	0.030642115	0.039770223	0.022348127	0.065155807	0.05417847	0.006059175	0.049224898	0.037173434	0	0.046466793	0.013810198	0.006059175	0	0
0	0	0	0	0.008610568	0.004403131	0.057485323	0.017783757	0.031360078	0.017037671	0.089346869	0.02283105	0.070861872	0.034454501	0.017490215	0.033280333	0.024298761	0	0	0.017857143	0.02592955	0	0.026969178
