# Number of parameters = 189 Objective function value = 679.284500621455  Maximum gradient component = 0.000460983558916291
# q_surv[1]:
1.00000000000
# fishsel_params_f[1]:
1.93737526336
# fishsel_params_f[2]:
5.77481209158
# fishsel_params_m[1]:
1.03870949687
# fishsel_params_m[2]:
6.97478966170
# srv_params_f[1]:
1.19982255549
# srv_params_f[2]:
3.38099325312
# srv_params_m[1]:
0.499999977512
# srv_params_m[2]:
4.57665970633
# srv1desc_params_f[1]:
1.92514565332
# srv1desc_params_f[2]:
4.60301599279
# srv1desc_params_m[1]:
1.75779008576
# srv1desc_params_m[2]:
7.49022626492
# alpha:
1.00000000000
# beta:
0.00000000000
# mean_log_rec:
19.4781601809
# rec_dev:
 -0.753314115746 -0.243458023901 -0.275388488218 -0.309652927951 -0.346073183239 -0.384408985699 -0.424300866894 -0.465412578778 -0.507314654838 -0.549469519278 -0.591168243844 -0.631560886699 -0.669262436541 -0.702332192763 -0.728511701518 -0.722270171232 -0.706749919231 -0.660869670403 -0.604037969961 -0.578319225651 -0.589988186745 -0.618128766667 -0.655085923112 -0.687740141288 -0.716201368658 -0.737673607554 -0.743908742311 -0.697835688564 -0.596880055647 -0.427774794952 -0.222553697575 -0.00794872561225 0.202892900136 0.147105140235 -0.0465440940650 0.120437269016 0.251309093150 0.414081406739 0.530056365437 0.439839262693 0.277529275635 0.216715579039 0.234626757766 0.460949263719 0.702481341887 0.486106039232 0.521283995339 0.687943914957 0.567355659126 0.447092247216 0.611129527676 0.500322542517 0.261167941475 0.329100296713 0.352740700621 0.330232094377 0.580905583270 0.744397115781 0.787045633924 1.07770817574 0.653825944631 0.608457663379 0.512308679427 0.614924495906 0.636015434846 0.614896897986 0.252150138984 0.261724996317 -0.0861242013824 -0.0968442815599 0.175354756249 0.425440503233 0.444447452623 0.332669126477 -0.326218562255 0.296555349446 3.74149512065e-08
# log_avg_fmort:
-4.46166554991
# fmort_dev:
 -2.09812621934 -2.08194247650 -2.06734169093 -2.05576723784 -2.04785341786 -0.471698670639 -0.546468968239 -0.834719527840 -1.08424438443 -0.715836547315 -1.17134338623 0.170042894542 0.993905339352 0.288243241327 -0.287041505321 -0.225193813972 0.863952949713 0.691552265678 0.517191159009 0.475257703543 0.343983533588 -0.202874480704 0.0361540614032 -0.640232951293 -1.52230124944 -1.82139179929 -0.474909586782 -0.483341211046 -1.20754387406 -0.148924837030 0.0814621529320 0.511786504527 0.452515382959 0.842371844741 0.579186129105 0.768241196533 0.434663287915 0.200124461606 0.422352524367 0.833952359728 0.650873999782 0.716131110423 1.05719812643 0.363566569373 0.583802220444 0.885115729440 0.774845639600 0.893574053114 0.725184638181 0.694233116403 0.958319356792 0.564253761692 0.634176246010 1.18937207655 0.589531678752 0.670527237718 0.731453282821
# log_selcoffs_fish:
 -4.89725697693 -3.90163432816 -2.93409914749 -2.06153090113 -1.35837411287 -0.830154403614 -0.405311718879 -0.0197410380603 0.297196823221 0.469256259889 0.480703777478 0.466722551801 0.446623724972 0.424238786387 0.402338182612 0.381601353636 0.362894328951 0.346136472184 0.330939938021
 -4.74508765980 -3.79688340762 -2.86197366876 -1.97169623010 -1.16988058791 -0.500069585096 0.00489597952978 0.331296799543 0.487808333660 0.514953758614 0.487587183606 0.441843370736 0.388686816608 0.333688497482 0.280459017694 0.231549761305 0.188938681102 0.154604557370 0.131952409421
# sexr_param_fish:
1.00000000000
# F40:
0.210507893250
# F35:
0.256771779902
# F30:
0.503293988140
